site,MLE,Lower,Upper,LogL_global,LogL_local
1,0,0,1.91189257454,-4.12524005463,-3.56705538395
2,0,0,2.49968739166,-3.3893298014,-2.90989857319
3,0,0,2.49968739166,-3.3893298014,-2.90989857319
4,1.81345191684,0.10193089085,8.50478566171,-9.29806178842,-8.58236651298
5,0,0,1.72956076722,-3.02728858665,-2.43634069807
6,0,0,3.43774939013,-2.5429783702,-2.14975549964
7,0,0,7.25523700872,-3.95639194299,-3.73472713385
8,0,0,7.25523700872,-3.95639194299,-3.73472713385
9,1.88405200088,0.106463071114,8.65822823016,-7.2638499552,-6.54187468852
10,0,0,3.43774939013,-2.5429783702,-2.14975549964
11,0,0,1.72956076722,-3.02728858665,-2.43634069807
12,0,0,2.49968739166,-3.3893298014,-2.90989857319
13,1.03241750274,0.0583878891794,4.71501584318,-7.03263282993,-6.30845254319
14,0,0,3.91698380577,-4.27895853817,-3.92298081834
15,0,0,3.43774939013,-2.5429783702,-2.14975549964
16,0,0,3.43774939013,-2.5429783702,-2.14975549964
17,0,0,3.43774939013,-2.5429783702,-2.14975549964
18,1.70492412673,0.0965217701796,7.74857841468,-7.96446692674,-7.25009988201
19,1.61868493697,0.0918120491646,7.30459990363,-9.8857367614,-9.1729267879
20,0,0,3.07954182813,-3.25839472947,-2.83812512558
21,0,0,3.91698380577,-4.27895853817,-3.92298081834
22,0,0,1.82451652452,-3.4618065687,-2.88852516399
23,0,0,3.43774939013,-2.5429783702,-2.14975549964
24,0,0,1.98801401479,-3.34428742579,-2.79583860971
25,0,0,3.43774939013,-2.5429783702,-2.14975549964
26,0,0,1.82451652452,-3.4618065687,-2.88852516399
27,1.98038205295,0.112036972756,9.08082802281,-8.19735174619,-7.46913836395
28,0,0,1.98801401479,-3.34428742579,-2.79583860971
29,0,0,3.07954182813,-3.25839472947,-2.83812512558
30,5.76634413865,1.40895219797,15.6869057162,-19.30769788,-17.4677475383
31,0,0,1.72956076722,-3.02728858665,-2.43634069807
32,0,0,1.72956076722,-3.02728858665,-2.43634069807
33,0,0,1.72956076722,-3.02728858665,-2.43634069807
34,0,0,2.13582725596,-3.99066404892,-3.46584052902
35,0,0,3.07954182813,-3.25839472947,-2.83812512558
36,0,0,2.28120767246,-3.68875318513,-3.1833336552
37,0,0,3.07954182813,-3.25839472947,-2.83812512558
38,0,0,3.91698380577,-4.27895853817,-3.92298081834
39,1.19202119104,0.0676696641924,5.36829106354,-10.1733080868,-9.45519492943
40,0,0,1.83034395845,-3.5641573137,-2.990688346
41,0,0,3.43774939013,-2.5429783702,-2.14975549964
42,0,0,2.62095355653,-3.68103714262,-3.21539453328
43,0,0,2.49968739166,-3.3893298014,-2.90989857319
44,0,0,1.83034395845,-3.5641573137,-2.990688346
45,0,0,3.76717075181,-3.1080908848,-2.74097516819
46,0,0,2.13582725596,-3.99066404892,-3.46584052902
47,0.983933389232,0.0558430930867,4.43410317958,-7.69644102604,-6.96466541351
48,0,0,1.98801401479,-3.34428742579,-2.79583860971
49,0,0,2.49968739166,-3.3893298014,-2.90989857319
50,1.03241750274,0.0583878891794,4.71501584318,-7.03263282993,-6.30845254319
51,0,0,3.76717075181,-3.1080908848,-2.74097516819
52,0,0,1.82451652452,-3.4618065687,-2.88852516399
53,0,0,1.98801401479,-3.34428742579,-2.79583860971
54,0,0,2.13582725596,-3.99066404892,-3.46584052902
55,0,0,3.43774939013,-2.5429783702,-2.14975549964
56,0,0,2.28120767246,-3.68875318513,-3.1833336552
57,0,0,3.07954182813,-3.25839472947,-2.83812512558
58,0,0,7.25523700872,-3.95639194299,-3.73472713385
59,0,0,1.81715783714,-3.38000860397,-2.80516235222
60,0.948950259959,0.0537797892217,4.30468272179,-10.4279989824,-9.69510186138
61,0.964441188158,0.0547112247994,4.35890774417,-10.5853501704,-9.8526528869
62,3.56889728874,0.59555406014,11.1809919471,-12.4181486105,-11.2299908632
63,2.73975258357,0.448199376452,8.88657451667,-15.6436570504,-14.5768100074
64,2.02666871413,0.332675246433,6.52332307547,-15.3783942508,-14.3481670183
65,4.36268856234,1.32175845047,10.77075578,-19.2653869815,-17.6762997741
66,0,0,10000,-2.990688346,-2.990688346
67,1.02935884565,0.0581007791667,4.74316406809,-8.95211862192,-8.22997200161
68,1.4465249147,0.0815141825595,6.66506923099,-8.49428136906,-7.78754399008
69,5.26756430577,1.58273718265,13.0149219484,-21.6091208722,-19.7462149081
70,5.43517620585,1.32038316904,14.9560980777,-19.6686308967,-17.9184175855
71,3.36441554738,0.570765123706,10.4984993123,-13.6846158201,-12.5237516548
72,12.0489625189,4.10260250918,28.4246067022,-27.5659659784,-23.1898577306
73,0.957524914535,0.0540700943591,4.41776855006,-9.71715360101,-8.98954267639
74,3.00819780079,0.491531787618,9.77269669087,-14.9817306767,-13.883900177
75,2.05848859212,0.33677087414,6.71361073159,-14.9728957503,-13.9457371583
76,4.162241028,0.678487491766,13.5698726434,-14.4259352079,-13.1442639824
77,3.41706327533,0.831828112201,9.35614112676,-19.1152403238,-17.8289921745
78,1.23667915325,0.0702968245641,5.58526505075,-10.2986584124,-9.58289197
79,0,0,2.56237730983,-3.38230226293,-2.90989857319
80,1.31652586758,0.0744484352999,6.01704337017,-7.95823257491,-7.24790066485
81,3.17268913617,0.518255463387,10.2934380749,-12.0270159889,-10.9070032365
82,4.92475999413,0.967140979224,14.0037838919,-15.1406701577,-13.6244345607
83,9.65526678265,3.10294796125,22.992648324,-23.6621910122,-20.2539157664
84,1.56654018603,0.0888376038173,7.06070246693,-8.95263865027,-8.24076268987
85,1.95740643747,0.11098711244,8.84977021078,-9.1103885407,-8.38240733726
86,0,0,10000,-2.74097516819,-2.74097516819
87,0,0,10000,-2.88852516399,-2.88852516399
88,0,0,10000,-2.79583860971,-2.79583860971
89,0,0,10000,-2.88852516399,-2.88852516399
90,0,0,10000,-2.83812512558,-2.83812512558
91,0,0,10000,-2.88852516399,-2.88852516399
92,0.948800673861,0.0537714687622,4.30394531047,-9.67859176056,-8.94567816016
93,11.4126298314,3.07771092292,28.6574157966,-23.6444052017,-20.2903449426
94,2.9727423109,0.486133658135,9.64297164785,-14.4789337676,-13.3853381828
95,6.25402616124,1.6334113315,15.9652948505,-21.7602463047,-19.7233401883
96,3.33055352885,0.547173870319,10.6610003058,-14.8979668961,-13.7528639069
97,0,0,1.92113576889,-3.44601153597,-2.88852516399
98,2.31439498562,0.143944779801,9.32864004351,-9.66284125006,-8.87921618294
99,1.94631157562,0.31847987522,6.30897950566,-14.714282771,-13.6853967112
100,6.88847911561,2.08455361902,17.0618354219,-27.1926295606,-24.7941940713
101,1.89114533169,0.106588746158,8.71813070699,-7.38362824511,-6.66222108262
102,2.06461127377,0.339008504444,6.61130257308,-12.787973655,-11.7572770206
103,1.40767375,0.0793890067639,6.47189922943,-8.52118510338,-7.81393058397
104,0,0,7.25523700872,-3.95639194299,-3.73472713385
105,1.82576663183,0.102919353433,8.44309193502,-7.24766803207,-6.52994527354
106,0,0,3.76717075181,-3.1080908848,-2.74097516819
107,0,0,1.72956076722,-3.02728858665,-2.43634069807
108,2.98221922282,0.728308483189,8.14169294811,-20.3774258576,-19.1522920175
109,0,0,3.43774939013,-2.5429783702,-2.14975549964
110,1.11660311937,0.0634455943793,5.00825557191,-10.3192191863,-9.59591962776
111,3.79313614866,0.611703183029,12.6502299755,-10.5551135024,-9.34215780504
112,0,0,2.49968739166,-3.3893298014,-2.90989857319
113,1.96511675234,0.111438962963,8.88285172324,-10.1585668597,-9.43004980105
114,2.05848859212,0.11668222154,9.25457058822,-10.7493536796,-10.0142216808
115,4.19045795748,0.68911050353,13.3746906883,-14.4458215931,-13.1551503903
116,2.40915673737,0.136679733028,10.8500348177,-10.5474764382,-9.78241451447
117,3.20350557688,0.781456007747,8.85241001725,-19.1516145135,-17.8984400374
118,2.86453391213,0.468772297553,9.25638640964,-14.6414093106,-13.560696466
119,1.92559757794,0.113576582834,8.14851038711,-10.1878338146,-9.44704112223
120,3.50682289344,0.574276734387,11.3134252653,-13.1630250023,-11.9915823442
121,4.11252290171,0.674782634999,13.2187012772,-16.8659364399,-15.5902763411
122,2.12181594303,0.120349919055,9.6208140231,-8.4226633406,-7.68305140511
123,3.99252609546,0.655853585033,12.8296327053,-14.2290926996,-12.9740134264
124,4.13659638623,1.25519507128,10.3230527245,-21.8532858752,-20.3264750293
125,13.5818717539,5.0873135296,30.8319434275,-36.0053949138,-30.5543676561
126,4.63916399394,1.40005773969,11.520364525,-25.579034825,-23.9099945636
127,4.012872992,0.682634158748,12.384035052,-13.0723826936,-11.8002457427
128,0.948280080466,0.053742125142,4.30151813605,-11.0595442518,-10.3265823771
129,0,0,3.43774939013,-2.5429783702,-2.14975549964
130,4.05315163031,0.231454668893,17.9919583027,-9.78683029686,-8.83261217203
131,0,0,3.07954182813,-3.25839472947,-2.83812512558
132,0,0,2.49968739166,-3.3893298014,-2.90989857319
133,0,0,2.51830818476,-3.64648445968,-3.16871656471
134,0,0,1.82451652452,-3.4618065687,-2.88852516399
135,0,0,3.43774939013,-2.5429783702,-2.14975549964
136,0,0,3.43774939013,-2.5429783702,-2.14975549964
137,0,0,3.53848643963,-3.43973445604,-3.0561062729
138,0,0,1.82451652452,-3.4618065687,-2.88852516399
139,1.06119463394,0.059840757852,4.90673811994,-9.9742854938,-9.25526952915
140,2.74934536928,0.450483265862,8.84676629516,-11.3390022557,-10.2705448562
141,0,0,1.83796981635,-3.7722226298,-3.20137510815
142,0,0,3.43774939013,-2.5429783702,-2.14975549964
143,0,0,1.83796981635,-3.7722226298,-3.20137510815
144,0,0,2.49968739166,-3.3893298014,-2.90989857319
145,5.00027303111,1.50261110094,12.5277828677,-26.663753339,-24.8865599179
146,2.06332530403,0.120616411104,8.86847425553,-9.39272418273,-8.64669431126
147,0,0,3.76717075181,-3.1080908848,-2.74097516819
148,0,0,3.43774939013,-2.5429783702,-2.14975549964
149,0,0,3.43774939013,-2.5429783702,-2.14975549964
150,0,0,3.07954182813,-3.25839472947,-2.83812512558
151,0,0,3.36636718454,-4.12001277604,-3.72383377995
152,0,0,1.83796981635,-3.7722226298,-3.20137510815
153,0,0,3.43774939013,-2.5429783702,-2.14975549964
154,0,0,1.72956076722,-3.02728858665,-2.43634069807
155,0,0,3.43774939013,-2.5429783702,-2.14975549964
156,0,0,2.93042935506,-3.3861863424,-2.95072723546
157,0,0,1.98801401479,-3.34428742579,-2.79583860971
158,0,0,1.98801401479,-3.34428742579,-2.79583860971
159,0,0,1.91189257454,-4.12524005463,-3.56705538395
160,0,0,1.82451652452,-3.4618065687,-2.88852516399
161,0,0,1.83034395845,-3.5641573137,-2.990688346
162,0,0,2.93042935506,-3.3861863424,-2.95072723546
163,0,0,1.82451652452,-3.4618065687,-2.88852516399
164,0,0,3.76717075181,-3.1080908848,-2.74097516819
165,0,0,3.43774939013,-2.5429783702,-2.14975549964
166,0,0,3.76717075181,-3.1080908848,-2.74097516819
167,0,0,2.51830818476,-3.64648445968,-3.16871656471
168,0,0,3.43774939013,-2.5429783702,-2.14975549964
169,0,0,3.07954182813,-3.25839472947,-2.83812512558
170,0,0,3.43774939013,-2.5429783702,-2.14975549964
171,1.75484197859,0.0986829337315,8.18611702885,-8.98313074534,-8.26988485732
172,0,0,3.07954182813,-3.25839472947,-2.83812512558
173,0,0,3.53848643963,-3.43973445604,-3.0561062729
174,0,0,1.72956076722,-3.02728858665,-2.43634069807
175,0,0,1.72956076722,-3.02728858665,-2.43634069807
176,0,0,3.07954182813,-3.25839472947,-2.83812512558
177,0,0,1.72956076722,-3.02728858665,-2.43634069807
178,0,0,1.72956076722,-3.02728858665,-2.43634069807
179,1.65418938182,0.0938443895558,7.47021438139,-8.08776689429,-7.37400974358
180,0,0,7.25523700872,-3.95639194299,-3.73472713385
181,0,0,1.72956076722,-3.02728858665,-2.43634069807
182,0,0,1.72956076722,-3.02728858665,-2.43634069807
183,0,0,2.51830818476,-3.64648445968,-3.16871656471
184,0,0,3.07954182813,-3.25839472947,-2.83812512558
185,2.19873313726,0.125891805113,9.69972472906,-9.09493521704,-8.34566055681
186,0.910951443069,0.0514951317635,4.18089824719,-8.70886324855,-7.97597230816
187,0,0,3.53848643963,-3.43973445604,-3.0561062729
188,0,0,3.43774939013,-2.5429783702,-2.14975549964
189,0,0,2.28120767246,-3.68875318513,-3.1833336552
190,0,0,1.72956076722,-3.02728858665,-2.43634069807
191,0,0,1.98801401479,-3.34428742579,-2.79583860971
192,0,0,3.91698380577,-4.27895853817,-3.92298081834
193,0,0,2.13582725596,-3.99066404892,-3.46584052902
194,0,0,1.81715783714,-3.38000860397,-2.80516235222
195,0,0,1.98801401479,-3.34428742579,-2.79583860971
196,0,0,1.98801401479,-3.34428742579,-2.79583860971
197,0,0,1.98801401479,-3.34428742579,-2.79583860971
198,0,0,2.28120767246,-3.68875318513,-3.1833336552
199,0,0,3.76717075181,-3.1080908848,-2.74097516819
200,0,0,1.98801401479,-3.34428742579,-2.79583860971
201,0,0,1.72956076722,-3.02728858665,-2.43634069807
202,0,0,1.9458080041,-3.44211724446,-2.88852516399
203,0,0,3.43774939013,-2.5429783702,-2.14975549964
204,0,0,3.43774939013,-2.5429783702,-2.14975549964
205,0,0,1.82451652452,-3.4618065687,-2.88852516399
206,0,0,3.53848643963,-3.43973445604,-3.0561062729
207,0,0,3.07954182813,-3.25839472947,-2.83812512558
208,0,0,2.28120767246,-3.68875318513,-3.1833336552
209,0.902630357426,0.0510303361804,4.14044353617,-10.8435903143,-10.1098254245
210,1.31779455621,0.0746588917844,5.98214831188,-11.8570248224,-11.1452782352
211,0,0,3.76717075181,-3.1080908848,-2.74097516819
212,0,0,2.93042935506,-3.3861863424,-2.95072723546
213,0,0,1.91189257454,-4.12524005463,-3.56705538395
214,2.19873313726,0.362434684299,6.94731845031,-11.5529658082,-10.5180461216
215,0,0,2.93042935506,-3.3861863424,-2.95072723546
216,0,0,3.43774939013,-2.5429783702,-2.14975549964
217,1.33251681512,0.075468396374,6.04735351323,-7.32143662872,-6.61018477214
218,1.823615761,0.102840368797,8.42610455626,-7.23417745783,-6.51640031787
219,1.03241750274,0.0583878891794,4.71501584318,-7.03263282993,-6.30845254319
220,0,0,1.72956076722,-3.02728858665,-2.43634069807
221,1.98629606007,0.322674555172,6.58257265782,-19.9033377306,-18.8797958648
222,0,0,1.98801401479,-3.34428742579,-2.79583860971
223,0,0,3.67295177988,-2.52619427864,-2.14975549964
224,1.17962472365,0.0670643026625,5.28420520942,-10.7757141695,-10.0556444284
225,1.00120703284,0.0565154650432,4.61563603093,-10.8976950775,-10.1735568557
226,0,0,3.07954182813,-3.25839472947,-2.83812512558
227,0,0,1.98801401479,-3.34428742579,-2.79583860971
228,0.989357784486,0.0558472270419,4.56075765862,-9.51498525847,-8.78993876029
229,0,0,1.72956076722,-3.02728858665,-2.43634069807
230,0,0,1.83034395845,-3.5641573137,-2.990688346
231,0,0,1.98801401479,-3.34428742579,-2.79583860971
232,0,0,2.49968739166,-3.3893298014,-2.90989857319
233,5.37066411923,1.63950756701,12.9813527908,-21.5104146489,-19.5962395964
234,0,0,2.93042935506,-3.3861863424,-2.95072723546
235,1.84738989656,0.104636528989,8.38600594847,-10.055343949,-9.33431022958
236,0,0,3.07954182813,-3.25839472947,-2.83812512558
237,0,0,2.49968739166,-3.3893298014,-2.90989857319
238,1.58983660085,0.089635529098,7.33028140326,-8.63775017025,-7.92903941529
239,0,0,1.72956076722,-3.02728858665,-2.43634069807
240,0,0,2.28120767246,-3.68875318513,-3.1833336552
241,0,0,1.83796981635,-3.7722226298,-3.20137510815
242,0,0,3.07954182813,-3.25839472947,-2.83812512558
243,0,0,3.43774939013,-2.5429783702,-2.14975549964
244,0,0,2.13582725596,-3.99066404892,-3.46584052902
245,0,0,3.43774939013,-2.5429783702,-2.14975549964
246,0,0,2.28120767246,-3.68875318513,-3.1833336552
247,0,0,3.43774939013,-2.5429783702,-2.14975549964
248,0,0,1.72956076722,-3.02728858665,-2.43634069807
249,0,0,3.43774939013,-2.5429783702,-2.14975549964
250,0,0,2.93042935506,-3.3861863424,-2.95072723546
251,0,0,1.83796981635,-3.7722226298,-3.20137510815
252,0.910574876557,0.0514713139174,4.18009767898,-9.90289680353,-9.17003493299
253,0,0,3.43774939013,-2.5429783702,-2.14975549964
254,0,0,1.72956076722,-3.02728858665,-2.43634069807
255,0,0,1.72956076722,-3.02728858665,-2.43634069807
256,0,0,2.51830818476,-3.64648445968,-3.16871656471
257,0,0,1.82451652452,-3.4618065687,-2.88852516399
258,0,0,2.51830818476,-3.64648445968,-3.16871656471
259,0,0,1.98801401479,-3.34428742579,-2.79583860971
260,0,0,1.81715783714,-3.38000860397,-2.80516235222
261,0,0,1.98801401479,-3.34428742579,-2.79583860971
262,0,0,1.72956076722,-3.02728858665,-2.43634069807
263,0,0,1.83034395845,-3.5641573137,-2.990688346
264,0,0,3.43774939013,-2.5429783702,-2.14975549964
265,0,0,1.81715783714,-3.38000860397,-2.80516235222
266,1.00131622469,0.0569480651531,4.47795514795,-11.1309814025,-10.3983424096
267,0,0,1.83796981635,-3.7722226298,-3.20137510815
268,0.961418213694,0.0545794157142,4.3281899905,-8.99471830364,-8.26074767665
269,0,0,7.25523700872,-3.95639194299,-3.73472713385
270,0,0,3.36636718454,-4.12001277604,-3.72383377995
271,0,0,1.83796981635,-3.7722226298,-3.20137510815
272,0,0,3.53848643963,-3.43973445604,-3.0561062729
273,0,0,1.72956076722,-3.02728858665,-2.43634069807
274,0,0,3.43774939013,-2.5429783702,-2.14975549964
275,0,0,3.43774939013,-2.5429783702,-2.14975549964
276,0,0,3.43774939013,-2.5429783702,-2.14975549964
277,0,0,3.91698380577,-4.27895853817,-3.92298081834
278,1.19964530719,0.0680974014726,5.38946384977,-8.31523527576,-7.59705174567
279,0,0,2.93042935506,-3.3861863424,-2.95072723546
280,0,0,2.51830818476,-3.64648445968,-3.16871656471
281,0,0,7.25523700872,-3.95639194299,-3.73472713385
282,0,0,1.83796981635,-3.7722226298,-3.20137510815
283,0.960126510405,0.0542356224567,4.41169864847,-8.49692958311,-7.76872715081
284,0,0,1.81715783714,-3.38000860397,-2.80516235222
285,0,0,2.51830818476,-3.64648445968,-3.16871656471
286,0,0,3.53848643963,-3.43973445604,-3.0561062729
287,0,0,3.43774939013,-2.5429783702,-2.14975549964
288,1.82193213182,0.102677288378,8.44243099621,-7.3393289789,-6.62195056426
289,1.8076305174,0.101620983209,8.47044467744,-8.63039829545,-7.91492865636
290,0,0,1.81715783714,-3.38000860397,-2.80516235222
291,1.20702773946,0.0685206115195,5.43656243581,-9.95222023059,-9.23484419698
292,3.60400268445,0.889811645523,9.60483817176,-19.9198822766,-18.5944725087
293,0.97049830495,0.0550740845413,4.37448789189,-7.59808851611,-6.86529122015
294,1.96128360438,0.320949097186,6.35594938657,-12.0801217834,-11.0514380964
295,2.79386422911,0.458110376454,8.97980463371,-13.1183497204,-12.0448803801
296,0,0,3.53848643963,-3.43973445604,-3.0561062729
297,0,0,2.13582725596,-3.99066404892,-3.46584052902
298,0,0,3.43774939013,-2.5429783702,-2.14975549964
299,1.97531944712,0.111958938081,8.92824284458,-10.0291659097,-9.30007410129
300,0,0,1.72956076722,-3.02728858665,-2.43634069807
301,3.0992275237,0.747755006595,8.7046808224,-17.5181700743,-16.2830316746
302,0,0,1.83034395845,-3.5641573137,-2.990688346
303,0.980776667436,0.0556767283607,4.4164983219,-10.0339159781,-9.30163396618
304,0,0,1.83034395845,-3.5641573137,-2.990688346
305,0,0,1.81715783714,-3.38000860397,-2.80516235222
306,4.54375999642,1.38004124867,11.2461675806,-22.5636235824,-20.9191368397
307,0.967751014626,0.0549362900018,4.35768165659,-9.69455879842,-8.96118846111
308,1.82193213182,0.102677288378,8.44243099621,-7.3393289789,-6.62195056426
309,0.956430315876,0.0540146259391,4.41056741101,-10.2317218816,-9.50388728758
310,0,0,1.72956076722,-3.02728858665,-2.43634069807
311,1.13000462875,0.0642500492934,5.07345493615,-9.57277729752,-8.85013184886
312,4.67802178608,1.13280291045,12.9924791494,-21.3329418634,-19.774216986
313,0,0,2.51830818476,-3.64648445968,-3.16871656471
314,0,0,3.43774939013,-2.5429783702,-2.14975549964
315,3.79626531724,0.612669109518,12.8228446971,-13.9954483575,-12.7817680533
316,0,0,1.72956076722,-3.02728858665,-2.43634069807
317,0,0,3.53848643963,-3.43973445604,-3.0561062729
318,0,0,3.43774939013,-2.5429783702,-2.14975549964
319,0,0,2.28120767246,-3.68875318513,-3.1833336552
320,2.14485460708,0.349292223706,7.04919727878,-13.0014780314,-11.975879516
321,0,0,2.28120767246,-3.68875318513,-3.1833336552
322,1.80366178378,0.101404917713,8.44958688173,-9.65556349617,-8.94026848381
323,1.53971303647,0.0867359090789,7.0906102958,-9.5253789095,-8.81751607236
324,1.90022260943,0.311034700268,6.15702428755,-12.6544598554,-11.6243114976
325,1.97454563414,0.321939162948,6.47477701731,-12.4655750328,-11.4401742989
326,1.37141955805,0.0777057699375,6.21619476134,-9.11806301377,-8.40722828943
327,2.03358490352,0.334387259484,6.47052033943,-13.4194977388,-12.3873249444
328,0.930811904631,0.0527033207354,4.23675192435,-7.29966642216,-6.56625669655
329,1.1102567336,0.063064145582,5.00265167973,-9.69567356209,-8.97274373394
330,1.61868493697,0.0917947558717,7.30165253219,-9.49537677339,-8.78254968981
331,0,0,10000,-3.1833336552,-3.1833336552
332,0,0,1.81715783714,-3.38000860397,-2.80516235222
333,5.00006048266,1.51546833616,12.4324674139,-25.8875491692,-24.1021767544
334,1.11698042159,0.0631579983649,5.10792209401,-8.71890260324,-8.00054891846
335,2.14938560012,0.354648296662,6.79627793683,-13.4247486306,-12.3904953206
336,3.76008521605,0.617673328678,12.0206685672,-12.0413421133,-10.8268488191
337,1.89572588294,0.106971164342,8.70886825414,-7.48467796575,-6.76251221241
338,1.92329846248,0.10874571225,8.76124054022,-8.54880030859,-7.82410027064
339,2.85962277247,0.466222157117,9.34667272969,-17.0093182532,-15.9305216068
340,1.33235026348,0.0779256397108,5.64694033654,-10.7958713003,-10.0636044418
341,6.50696475389,1.95614459441,16.1990704481,-20.5998545594,-18.3350290795
342,0,0,1.72956076722,-3.02728858665,-2.43634069807
343,1.32066031639,0.0770650200483,5.72963510679,-12.0230805536,-11.2947969918
344,1.31737748172,0.0746814374083,5.96207672869,-7.61437705668,-6.90208780348
345,4.08736924857,0.997775419494,11.1197156251,-19.0760562922,-17.653047296
346,1.17342210404,0.0662356230529,5.37064298424,-10.8921313934,-10.1773142625
347,1.84320797228,0.104527487805,8.3249344137,-8.12853846069,-7.40716723918
348,4.79519349022,1.15866067313,13.3359048517,-20.1497419132,-18.5646496019
349,2.18474233107,0.357326838271,7.1164319297,-13.1844973786,-12.1557986183
350,2.64312440174,0.444303308734,8.24180895159,-15.8179873022,-14.7502327244
351,0.96842425713,0.0548988708941,4.38539868908,-7.36100253195,-6.62931847814
352,3.04857999346,0.507735605088,9.51888252149,-15.1654752349,-14.0558519404
353,2.49409173053,0.152473481851,10.2233439169,-10.1832749983,-9.38853976877
354,4.18737323369,0.687209941634,13.4601217074,-17.7602682448,-16.4710780558
355,8.21072186454,2.84298538092,18.926670193,-24.8191589569,-21.669571636
356,9.28209045748,3.70097444004,19.5318384096,-32.9100626349,-28.7618290976
357,9.66415149002,3.35527808359,22.4563358165,-26.9901137632,-23.3089728672
358,12.0050112464,4.53166324698,26.486417492,-26.843760796,-21.8965313177
359,1.60215054733,0.0903622469192,7.38988305347,-10.3966201516,-9.68747392425
360,1.91820569122,0.10708313456,9.12235523402,-8.11574156517,-7.3965777482
361,6.55773629336,2.28261263841,15.2360916735,-30.1147710701,-27.5933869304
362,3.84811162571,0.21724842654,17.532554003,-9.03948276352,-8.11325748681
363,1.03342440353,0.0584141928725,4.72957140511,-7.13549260013,-6.41195892493
364,2.28886446118,0.131102037383,10.3293520088,-10.378055015,-9.6214793373
365,0,0,3.76717075181,-3.1080908848,-2.74097516819
366,1.33120891755,0.0753611918806,6.05235708821,-7.42648654408,-6.71555876211
367,1.08523993643,0.0615772136211,4.9231114854,-9.81294922956,-9.08984836728
368,1.26628350895,0.0719037166726,5.69362958039,-8.72262038995,-8.00739453904
369,1.28424694121,0.0755355559505,5.42721009381,-10.2744081946,-9.53762411034
370,1.03342440353,0.0584141928725,4.72957140511,-7.13549260013,-6.41195892493
371,2.15841685923,0.131718354045,8.95165477178,-9.93336533527,-9.16806071065
372,4.14998369202,0.730359461144,12.6260595314,-15.1961243171,-13.8856917626
373,0,0,3.43774939013,-2.5429783702,-2.14975549964
374,0,0,2.49968739166,-3.3893298014,-2.90989857319
375,1.18815388192,0.0677583040763,5.30133963211,-10.3562701141,-9.63470608812
376,3.27528300524,0.532295408878,10.7519203894,-14.8688449045,-13.7357475965
377,0,0,3.76717075181,-3.1080908848,-2.74097516819
378,2.93712687804,0.191548095562,11.838210041,-10.2452703499,-9.38756065197
379,2.28139125731,0.138226463321,9.36428280566,-10.4084405466,-9.63498923837
380,1.82129078727,0.102397146671,8.53236171479,-8.60186492869,-7.88563606018
381,2.72734667687,0.167729826638,11.1035104015,-9.91241018951,-9.09296011068
382,2.54345993399,0.159320576007,10.4975941144,-9.02070007245,-8.21505240783
383,0,0,1.83034395845,-3.5641573137,-2.990688346
384,1.04342815936,0.0592351659458,4.70057872706,-8.66533238486,-7.93803264141
385,1.25690073596,0.0713074802547,5.66459824169,-9.59894517726,-8.88403731553
386,1.89572588294,0.106971164342,8.70886825414,-7.48467796575,-6.76251221241
387,3.62403837442,0.655196945333,10.693114781,-13.9543289879,-12.7296497439
388,0,0,1.81715783714,-3.38000860397,-2.80516235222
389,1.04580727768,0.0592017382428,4.75836096031,-9.59002334518,-8.86577237821
390,1.25562827394,0.0713105469,5.64358986148,-8.36609367358,-7.65035487147
391,1.97454563414,0.322564059464,6.43237746837,-13.8655468833,-12.8382587941
392,3.62754234995,0.886395035146,9.84709168443,-14.7647031295,-13.4385740821
393,1.87008895256,0.10590468836,8.49201569319,-7.3129759276,-6.5907711081
394,2.01390454454,0.116865937068,8.76250210706,-9.52410977363,-8.78424825004
395,5.05484828951,1.24010948736,13.5722471495,-18.2112343287,-16.5497533246
396,2.5166952036,0.156698902879,10.103223086,-9.996073305,-9.19451501386
397,1.15391778352,0.0652754418148,5.28779303351,-7.85094106244,-7.13499259111
398,1.51944265719,0.0870653666534,6.69202178217,-11.8380790435,-11.1212809904
399,1.62291789883,0.0942078203427,7.07451295069,-9.26460162655,-8.54137975768
400,0.978815875826,0.0554779439812,4.43527092078,-8.26275169962,-7.53211830495
401,0,0,10000,-3.16871656471,-3.16871656471
402,1.05940784363,0.0602267214776,4.74286132906,-7.94611878529,-7.21838205355
403,0,0,2.93042935506,-3.3861863424,-2.95072723546
404,2.93712687804,0.191548095562,11.838210041,-10.2452703499,-9.38756065197
405,1.03342440353,0.0584141928725,4.72957140511,-7.13549260013,-6.41195892493
406,1.22520921814,0.0704175454106,5.37461766144,-9.66790747759,-8.94270767188
407,0,0,2.49968739166,-3.3893298014,-2.90989857319
408,0,0,1.82451652452,-3.4618065687,-2.88852516399
409,2.40915673737,0.399157997596,7.59653590376,-11.2272007309,-10.1817489255
410,0,0,1.82451652452,-3.4618065687,-2.88852516399
411,2.41575882646,0.399946119079,7.65627483224,-13.9705150379,-12.9253718386
412,1.25279962195,0.0722430513113,5.45858570965,-11.0645065489,-10.3383739818
413,1.31553539243,0.0776862145002,5.57245825146,-9.67692759249,-8.94059698514
414,1.09741352561,0.0622810300037,4.94445051033,-10.7605214339,-10.0371792378
415,2.43484060958,0.407616041108,7.58586583614,-11.8466311224,-10.7955239885
416,0,0,2.28120767246,-3.68875318513,-3.1833336552
417,1.65052675337,0.093561876648,7.44695631948,-8.19456856343,-7.48095018459
418,1.51752019575,0.0857348925527,6.9780215295,-8.17437283874,-7.46618222389
419,0,0,3.43774939013,-2.5429783702,-2.14975549964
420,0,0,1.82451652452,-3.4618065687,-2.88852516399
421,0,0,3.43774939013,-2.5429783702,-2.14975549964
422,2.91115593718,0.513803772454,8.90448222223,-16.070555638,-14.959117998
423,0,0,3.07954182813,-3.25839472947,-2.83812512558
424,0.928262826134,0.0525389328876,4.23357527419,-7.40642440292,-6.67332911857
425,1.31553539243,0.0776862145002,5.57245825146,-9.67692759249,-8.94059698514
426,2.27798039554,0.374547471905,7.27218884363,-15.4271686045,-14.3917612898
427,0,0,1.83796981635,-3.7722226298,-3.20137510815
428,1.92329846248,0.10874571225,8.76124054022,-8.54880030859,-7.82410027064
429,1.35800036192,0.0805709582777,5.66599455274,-10.5422856178,-9.80377902592
430,4.15204791611,1.00638087553,11.4963612015,-16.8782110129,-15.4442739821
431,2.72648768318,0.445807384134,8.80149707981,-12.9243127106,-11.8589897041
432,7.39749779032,2.22574332743,18.2935659265,-23.1566657113,-20.6062973722
433,4.92125322885,1.50980357811,11.9062199764,-20.577663053,-18.8066019882
434,3.77672674805,0.930574284732,10.2561316479,-21.8674687207,-20.5083429483
435,1.1854378132,0.067688869307,5.26241525738,-11.4355664725,-10.7127841679
436,2.58231464928,0.152806187947,11.1768975097,-10.2248806751,-9.43077225375
437,1.31553539243,0.0776862145002,5.57245825146,-9.67692759249,-8.94059698514
438,0.980996097687,0.0554066562378,4.51151957855,-9.24330306976,-8.51695720249
439,2.76612107258,0.173840187606,11.1223093071,-9.62406843288,-8.79481293952
440,0,0,2.28120767246,-3.68875318513,-3.1833336552
441,1.76991885524,0.100509629181,7.94451021063,-8.16482762284,-7.44630158223
442,2.28886446118,0.131102037383,10.3293520088,-10.378055015,-9.6214793373
443,0,0,1.72956076722,-3.02728858665,-2.43634069807
444,0,0,2.49968739166,-3.3893298014,-2.90989857319
445,0,0,3.53848643963,-3.43973445604,-3.0561062729
446,0,0,3.43774939013,-2.5429783702,-2.14975549964
447,0,0,1.82451652452,-3.4618065687,-2.88852516399
448,0,0,1.83796981635,-3.7722226298,-3.20137510815
449,0,0,1.81715783714,-3.38000860397,-2.80516235222
450,0,0,1.81715783714,-3.38000860397,-2.80516235222
451,0,0,3.53848643963,-3.43973445604,-3.0561062729
452,0,0,2.49968739166,-3.3893298014,-2.90989857319
453,0,0,3.76717075181,-3.1080908848,-2.74097516819
454,1.81995069475,0.102276129419,8.54291313358,-10.147936022,-9.43198515809
455,0,0,1.72956076722,-3.02728858665,-2.43634069807
456,0,0,3.76717075181,-3.1080908848,-2.74097516819
457,0,0,1.72956076722,-3.02728858665,-2.43634069807
458,0.954951739493,0.0539444114274,4.38752816233,-9.80902831449,-9.0803803698
459,6.33056531844,1.92460350937,15.5181894923,-23.464312395,-21.2390189977
460,0,0,1.98801401479,-3.34428742579,-2.79583860971
461,0,0,2.62095355653,-3.68103714262,-3.21539453328
462,2.09707612813,0.118885855475,9.48628744069,-8.32903441296,-7.5913266356
463,0,0,1.72956076722,-3.02728858665,-2.43634069807
464,1.1211289632,0.0642204286699,4.9750305703,-10.7373735583,-10.0091693177
465,0,0,1.83034395845,-3.5641573137,-2.990688346
466,5.02172237611,1.50793188449,12.5939151584,-22.167661351,-20.3841729387
467,0,0,1.72956076722,-3.02728858665,-2.43634069807
468,0.917220658521,0.05183816802,4.21403772339,-10.7815883957,-10.0495228652
469,0,0,2.93042935506,-3.3861863424,-2.95072723546
470,0,0,1.83796981635,-3.7722226298,-3.20137510815
471,0,0,1.83796981635,-3.7722226298,-3.20137510815
472,0,0,3.53848643963,-3.43973445604,-3.0561062729
473,0,0,3.53848643963,-3.43973445604,-3.0561062729
474,0,0,1.83034395845,-3.5641573137,-2.990688346
475,0,0,7.25523700872,-3.95639194299,-3.73472713385
476,0,0,1.83796981635,-3.7722226298,-3.20137510815
477,0,0,3.43774939013,-2.5429783702,-2.14975549964
478,0,0,2.28120767246,-3.68875318513,-3.1833336552
479,2.29644254433,0.378346303821,7.29098138282,-17.0064924975,-15.9692814249
480,0,0,2.51830818476,-3.64648445968,-3.16871656471
481,0,0,3.07954182813,-3.25839472947,-2.83812512558
482,2.23717556352,0.369943994305,7.04811787212,-12.4476141114,-11.4105802898
483,0,0,3.76717075181,-3.1080908848,-2.74097516819
484,0,0,2.62095355653,-3.68103714262,-3.21539453328
485,1.66640589451,0.0945252428321,7.52339353674,-10.2588661729,-9.54477803144
486,0,0,1.91189257454,-4.12524005463,-3.56705538395
487,0,0,7.25523700872,-3.95639194299,-3.73472713385
488,0.949240407564,0.0537956542875,4.30619751274,-12.1063488504,-11.3734894585
489,0,0,2.49968739166,-3.3893298014,-2.90989857319
490,0,0,3.43774939013,-2.5429783702,-2.14975549964
491,0,0,3.76717075181,-3.1080908848,-2.74097516819
492,0.920535263223,0.0520234208324,4.23019620195,-11.4805029595,-10.7487773471
493,0,0,7.25523700872,-3.95639194299,-3.73472713385
494,0,0,2.28120767246,-3.68875318513,-3.1833336552
495,6.13818286242,1.49756993013,16.772343101,-20.854827241,-18.9211570378
496,0,0,3.76717075181,-3.1080908848,-2.74097516819
497,1.49886282219,0.0852090399567,6.74672715121,-10.5687153088,-9.8567535643
498,0.960064069003,0.0542376550264,4.40943282491,-8.30338214488,-7.5750518524
499,0,0,1.98801401479,-3.34428742579,-2.79583860971
500,0,0,1.91189257454,-4.12524005463,-3.56705538395
501,0,0,2.51830818476,-3.64648445968,-3.16871656471
502,1.73868736029,0.0985169164981,7.81785491995,-11.2491111021,-10.532400333
503,0,0,3.76717075181,-3.1080908848,-2.74097516819
504,0,0,1.83034395845,-3.5641573137,-2.990688346
505,0,0,7.25523700872,-3.95639194299,-3.73472713385
506,0,0,3.07954182813,-3.25839472947,-2.83812512558
507,0,0,2.93042935506,-3.3861863424,-2.95072723546
508,0,0,2.28120767246,-3.68875318513,-3.1833336552
509,0,0,1.82451652452,-3.4618065687,-2.88852516399
510,1.21100537304,0.0687511407227,5.45300758783,-9.97012798196,-9.25287306562
511,0,0,2.49968739166,-3.3893298014,-2.90989857319
512,0,0,2.13582725596,-3.99066404892,-3.46584052902
513,4.23813562178,1.03939863285,11.3867909334,-13.9440162897,-12.4841248444
514,0.956610259237,0.0542093884817,4.34114358787,-9.11302063127,-8.38087898811
515,2.29630761987,0.377756217024,7.31875217723,-14.3270702222,-13.2906688804
516,1.85143389721,0.104859545029,8.40632006273,-8.52254421224,-7.80131962575
517,1.21660826744,0.0690715466906,5.47801069961,-11.4531595408,-10.736136855
518,2.30105292092,0.37917677827,7.30240230398,-15.9930826001,-14.9555892786
519,1.59333695812,0.0903842713056,7.18991005093,-8.67349248692,-7.96122459523
520,1.95051853855,0.319160672467,6.32286911074,-12.5745167489,-11.5457234115
521,1.37046846049,0.0777409152175,6.18269573887,-7.46970863972,-6.75797776178
522,0,0,3.43774939013,-2.5429783702,-2.14975549964
523,1.11529638117,0.0633676422186,5.00351508493,-10.1868377956,-9.4635133115
524,0,0,3.43774939013,-2.5429783702,-2.14975549964
525,0,0,2.49968739166,-3.3893298014,-2.90989857319
526,0,0,1.98801401479,-3.34428742579,-2.79583860971
527,0,0,1.98801401479,-3.34428742579,-2.79583860971
528,0,0,1.81715783714,-3.38000860397,-2.80516235222
529,0,0,3.43774939013,-2.5429783702,-2.14975549964
530,0.960064069003,0.0542376550264,4.40943282491,-8.30338214488,-7.5750518524
531,0,0,2.93042935506,-3.3861863424,-2.95072723546
532,0,0,2.13582725596,-3.99066404892,-3.46584052902
533,0,0,3.07954182813,-3.25839472947,-2.83812512558
534,0,0,3.53848643963,-3.43973445604,-3.0561062729
535,0,0,1.98801401479,-3.34428742579,-2.79583860971
536,0,0,3.53848643963,-3.43973445604,-3.0561062729
537,0,0,1.81715783714,-3.38000860397,-2.80516235222
538,0,0,2.49968739166,-3.3893298014,-2.90989857319
539,4.88268212294,1.17834364933,13.6359213699,-18.9597862147,-17.354050554
540,0,0,1.98801401479,-3.34428742579,-2.79583860971
541,0,0,2.51830818476,-3.64648445968,-3.16871656471
542,1.32209991536,0.0747141106652,6.05584538682,-12.2086001998,-11.4988911575
543,1.50406637874,0.0850852654544,6.86035882803,-7.19953734162,-6.49031286863
544,0,0,3.76717075181,-3.1080908848,-2.74097516819
545,0,0,3.43774939013,-2.5429783702,-2.14975549964
546,0,0,3.91698380577,-4.27895853817,-3.92298081834
547,0,0,3.07954182813,-3.25839472947,-2.83812512558
548,0,0,1.82451652452,-3.4618065687,-2.88852516399
549,0,0,3.76717075181,-3.1080908848,-2.74097516819
550,0,0,2.28120767246,-3.68875318513,-3.1833336552
551,0,0,3.43774939013,-2.5429783702,-2.14975549964
552,0,0,3.91698380577,-4.27895853817,-3.92298081834
553,0,0,3.43774939013,-2.5429783702,-2.14975549964
554,5.62011519505,1.68812015253,14.0606490956,-23.4482156809,-21.4725154633
555,0,0,3.07954182813,-3.25839472947,-2.83812512558
556,1.0668606706,0.0606477681476,4.77532817789,-7.83468021491,-7.107486446
557,0,0,1.81715783714,-3.38000860397,-2.80516235222
558,0,0,1.83796981635,-3.7722226298,-3.20137510815
559,1.28424694121,0.0726852047427,5.86101180285,-7.98337395763,-7.27185394345
560,1.86182670513,0.303756874864,6.10938712095,-16.2816614795,-15.2535035524
561,2.98737471468,0.720266505021,8.47689707907,-19.9673517516,-18.7459893013
562,11.1257880683,4.66067086738,23.7722996822,-37.1329708383,-31.7091202719
563,0,0,3.43774939013,-2.5429783702,-2.14975549964
564,0,0,2.51830818476,-3.64648445968,-3.16871656471
565,3.19183498955,0.772886677144,8.88036346858,-20.9509402818,-19.7020051414
566,0,0,3.43774939013,-2.5429783702,-2.14975549964
567,0,0,3.53848643963,-3.43973445604,-3.0561062729
568,6.41385705869,2.27716245295,14.4907261542,-25.7361208986,-23.2314455469
569,0,0,1.72956076722,-3.02728858665,-2.43634069807
570,0,0,3.43774939013,-2.5429783702,-2.14975549964
571,1.13768556291,0.0646523493745,5.09892564538,-8.2671684837,-7.54501203556
572,0.985178144135,0.0557275838379,4.49874591341,-8.03842218523,-7.31053268157
573,2.49732139125,0.420316787848,7.74409970471,-13.0867906012,-12.0296928154
574,0,0,1.83796981635,-3.7722226298,-3.20137510815
575,0,0,2.51830818476,-3.64648445968,-3.16871656471
576,0,0,1.81715783714,-3.38000860397,-2.80516235222
577,0,0,1.98801401479,-3.34428742579,-2.79583860971
578,1.59007474876,0.090191485545,7.17746591442,-8.48188443902,-7.7697309791
579,3.15992450673,0.762559101823,8.89241619922,-16.908371385,-15.6649261827
580,2.80097858254,0.459424475311,8.99480636535,-14.3689327669,-13.2945680981
581,5.74820709621,1.40609835381,15.5485768877,-15.3109470212,-13.4744529746
582,1.36834733972,0.0775337127489,6.20123208375,-9.50367144935,-8.79275933933
583,0,0,2.62095355653,-3.68103714262,-3.21539453328
584,0,0,3.91698380577,-4.27895853817,-3.92298081834
585,0,0,3.91698380577,-4.27895853817,-3.92298081834
586,0,0,3.36636718454,-4.12001277604,-3.72383377995
587,0,0,3.76717075181,-3.1080908848,-2.74097516819
588,0,0,3.36636718454,-4.12001277604,-3.72383377995
589,0,0,3.91698380577,-4.27895853817,-3.92298081834
590,0,0,1.83034395845,-3.5641573137,-2.990688346
591,0,0,2.51830818476,-3.64648445968,-3.16871656471
592,0,0,3.43774939013,-2.5429783702,-2.14975549964
593,0,0,3.43774939013,-2.5429783702,-2.14975549964
594,0,0,2.93042935506,-3.3861863424,-2.95072723546
595,2.80005536561,0.459189051783,8.99673239414,-15.0815053831,-14.0073091253
596,1.63683198996,0.0922194674322,7.59534402122,-9.76329784981,-9.05384225459
597,0.986312308337,0.0559483744375,4.45494811465,-7.65728629286,-6.9263373657
598,0,0,2.93042935506,-3.3861863424,-2.95072723546
599,0,0,2.51830818476,-3.64648445968,-3.16871656471
600,1.0668606706,0.0606477681476,4.77532817789,-7.83468021491,-7.107486446
601,0,0,1.83796981635,-3.7722226298,-3.20137510815
602,0,0,3.53848643963,-3.43973445604,-3.0561062729
603,0,0,2.51830818476,-3.64648445968,-3.16871656471
604,0,0,3.53848643963,-3.43973445604,-3.0561062729
605,0,0,2.51830818476,-3.64648445968,-3.16871656471
606,0,0,3.43774939013,-2.5429783702,-2.14975549964
607,0,0,3.36636718454,-4.12001277604,-3.72383377995
608,0,0,1.83034395845,-3.5641573137,-2.990688346
609,1.03718977198,0.0584990859821,4.79121329322,-10.1956338416,-9.47478264958
610,0,0,3.76717075181,-3.1080908848,-2.74097516819
611,0,0,2.51830818476,-3.64648445968,-3.16871656471
612,0,0,3.76717075181,-3.1080908848,-2.74097516819
613,0,0,2.62095355653,-3.68103714262,-3.21539453328
614,0,0,3.36636718454,-4.12001277604,-3.72383377995
615,0,0,3.76717075181,-3.1080908848,-2.74097516819
616,0,0,1.82451652452,-3.4618065687,-2.88852516399
617,0,0,7.25523700872,-3.95639194299,-3.73472713385
618,0,0,2.62095355653,-3.68103714262,-3.21539453328
619,0,0,1.83796981635,-3.7722226298,-3.20137510815
620,0,0,3.76717075181,-3.1080908848,-2.74097516819
621,0,0,2.13582725596,-3.99066404892,-3.46584052902
622,0,0,7.25523700872,-3.95639194299,-3.73472713385
623,0,0,1.81715783714,-3.38000860397,-2.80516235222
624,0,0,3.76717075181,-3.1080908848,-2.74097516819
625,0,0,3.43774939013,-2.5429783702,-2.14975549964
626,0,0,1.98801401479,-3.34428742579,-2.79583860971
627,0,0,3.76717075181,-3.1080908848,-2.74097516819
628,0,0,2.51830818476,-3.64648445968,-3.16871656471
629,0,0,3.43774939013,-2.5429783702,-2.14975549964
630,0,0,3.43774939013,-2.5429783702,-2.14975549964
631,2.89354517695,0.698801212093,8.15240712706,-23.1605138736,-21.948202767
632,0,0,3.76717075181,-3.1080908848,-2.74097516819
633,0.93476669874,0.0528916976481,4.27149078244,-10.8800356117,-10.1479592814
634,0,0,1.82451652452,-3.4618065687,-2.88852516399
635,1.11148695265,0.0631537140886,4.98556890672,-10.3820768993,-9.65846622188
636,2.10042007944,0.346611398895,6.65048019489,-14.3059107971,-13.2720167515
637,0,0,1.82451652452,-3.4618065687,-2.88852516399
638,0,0,1.98801401479,-3.34428742579,-2.79583860971
639,0,0,1.81715783714,-3.38000860397,-2.80516235222
640,0,0,1.72956076722,-3.02728858665,-2.43634069807
641,0,0,3.53848643963,-3.43973445604,-3.0561062729
642,0,0,1.72956076722,-3.02728858665,-2.43634069807
643,0,0,1.83034395845,-3.5641573137,-2.990688346
644,0,0,1.83796981635,-3.7722226298,-3.20137510815
645,0,0,1.81715783714,-3.38000860397,-2.80516235222
646,0,0,1.82451652452,-3.4618065687,-2.88852516399
647,0,0,2.49968739166,-3.3893298014,-2.90989857319
648,0,0,1.72956076722,-3.02728858665,-2.43634069807
649,0,0,2.28120767246,-3.68875318513,-3.1833336552
650,0,0,1.98801401479,-3.34428742579,-2.79583860971
651,0,0,1.83034395845,-3.5641573137,-2.990688346
652,0,0,2.51830818476,-3.64648445968,-3.16871656471
653,0,0,3.53848643963,-3.43973445604,-3.0561062729
654,0,0,1.81715783714,-3.38000860397,-2.80516235222
655,0,0,1.72956076722,-3.02728858665,-2.43634069807
656,0,0,3.07954182813,-3.25839472947,-2.83812512558
657,0,0,3.53848643963,-3.43973445604,-3.0561062729
658,0,0,3.53848643963,-3.43973445604,-3.0561062729
659,0,0,1.72956076722,-3.02728858665,-2.43634069807
660,0,0,1.81715783714,-3.38000860397,-2.80516235222
661,0,0,1.72956076722,-3.02728858665,-2.43634069807
662,0,0,3.43774939013,-2.5429783702,-2.14975549964
663,1.94161738323,0.110088703391,8.77888809958,-8.76612086245,-8.0391518978
664,0,0,1.83034395845,-3.5641573137,-2.990688346
665,0,0,3.43774939013,-2.5429783702,-2.14975549964
666,0,0,1.98801401479,-3.34428742579,-2.79583860971
667,0,0,2.49968739166,-3.3893298014,-2.90989857319
668,0,0,1.81715783714,-3.38000860397,-2.80516235222
669,1.30533923304,0.0739099605661,5.93936640524,-11.3904522948,-10.678865865
670,0,0,2.51830818476,-3.64648445968,-3.16871656471
671,0,0,1.81715783714,-3.38000860397,-2.80516235222
672,0.959490058798,0.0544375364479,4.33364102013,-9.02803010963,-8.29473913502
673,0,0,1.82451652452,-3.4618065687,-2.88852516399
674,0,0,3.07954182813,-3.25839472947,-2.83812512558
675,0,0,1.83034395845,-3.5641573137,-2.990688346
676,0,0,3.76717075181,-3.1080908848,-2.74097516819
677,0,0,1.82451652452,-3.4618065687,-2.88852516399
678,0,0,3.53848643963,-3.43973445604,-3.0561062729
679,0,0,1.91189257454,-4.12524005463,-3.56705538395
680,0,0,7.25523700872,-3.95639194299,-3.73472713385
681,0,0,3.07954182813,-3.25839472947,-2.83812512558
682,0,0,3.43774939013,-2.5429783702,-2.14975549964
683,0,0,2.13582725596,-3.99066404892,-3.46584052902
684,0,0,7.25523700872,-3.95639194299,-3.73472713385
685,0,0,1.81715783714,-3.38000860397,-2.80516235222
686,1.01659199471,0.0578110259406,4.54842773469,-9.0794667994,-8.34818926927
687,0,0,7.25523700872,-3.95639194299,-3.73472713385
688,0,0,3.43774939013,-2.5429783702,-2.14975549964
689,0,0,3.76717075181,-3.1080908848,-2.74097516819
690,0,0,1.83034395845,-3.5641573137,-2.990688346
691,0,0,3.53848643963,-3.43973445604,-3.0561062729
692,0,0,1.98801401479,-3.34428742579,-2.79583860971
693,0,0,1.82451652452,-3.4618065687,-2.88852516399
694,0,0,3.43774939013,-2.5429783702,-2.14975549964
695,0,0,2.13582725596,-3.99066404892,-3.46584052902
696,0,0,1.83034395845,-3.5641573137,-2.990688346
697,0,0,1.81715783714,-3.38000860397,-2.80516235222
698,0,0,1.82451652452,-3.4618065687,-2.88852516399
699,1.97454563414,0.321996759408,6.48567834096,-15.1316829539,-14.1065613642
700,0,0,3.53848643963,-3.43973445604,-3.0561062729
701,0,0,3.43774939013,-2.5429783702,-2.14975549964
702,0,0,1.81715783714,-3.38000860397,-2.80516235222
703,0,0,3.43774939013,-2.5429783702,-2.14975549964
704,0,0,3.36636718454,-4.12001277604,-3.72383377995
705,0,0,2.93042935506,-3.3861863424,-2.95072723546
706,0,0,7.25523700872,-3.95639194299,-3.73472713385
707,0,0,2.62095355653,-3.68103714262,-3.21539453328
708,0,0,1.72956076722,-3.02728858665,-2.43634069807
709,0,0,3.07954182813,-3.25839472947,-2.83812512558
710,0,0,3.53848643963,-3.43973445604,-3.0561062729
711,0,0,3.76717075181,-3.1080908848,-2.74097516819
712,1.05653765749,0.0600656788167,4.73387058107,-10.259084606,-9.53122484185
713,0,0,1.81715783714,-3.38000860397,-2.80516235222
714,0,0,3.07954182813,-3.25839472947,-2.83812512558
715,0,0,2.62095355653,-3.68103714262,-3.21539453328
716,0,0,3.76717075181,-3.1080908848,-2.74097516819
717,0,0,2.49968739166,-3.3893298014,-2.90989857319
718,0,0,1.83796981635,-3.7722226298,-3.20137510815
719,0,0,2.49968739166,-3.3893298014,-2.90989857319
720,1.89863357733,0.310527611769,6.17030132237,-12.7612246249,-11.73177165
721,0,0,2.62095355653,-3.68103714262,-3.21539453328
722,0,0,1.98801401479,-3.34428742579,-2.79583860971
723,0,0,3.53848643963,-3.43973445604,-3.0561062729
724,0,0,1.72956076722,-3.02728858665,-2.43634069807
725,0,0,3.53848643963,-3.43973445604,-3.0561062729
726,0,0,1.72956076722,-3.02728858665,-2.43634069807
727,0,0,1.72956076722,-3.02728858665,-2.43634069807
728,0,0,1.82451652452,-3.4618065687,-2.88852516399
729,0,0,3.43774939013,-2.5429783702,-2.14975549964
730,0,0,1.83796981635,-3.7722226298,-3.20137510815
731,1.0451315181,0.0589380025631,4.83120910614,-11.0335269394,-10.3133874979
732,0,0,3.91698380577,-4.27895853817,-3.92298081834
733,0,0,3.36636718454,-4.12001277604,-3.72383377995
734,0,0,1.82451652452,-3.4618065687,-2.88852516399
735,1.82576663183,0.102919353433,8.44309193502,-7.24766803207,-6.52994527354
736,0,0,3.43774939013,-2.5429783702,-2.14975549964
737,0,0,3.53848643963,-3.43973445604,-3.0561062729
738,0,0,3.76717075181,-3.1080908848,-2.74097516819
739,0,0,2.49968739166,-3.3893298014,-2.90989857319
740,0,0,1.81715783714,-3.38000860397,-2.80516235222
741,4.41626952667,1.32170219796,11.2341892867,-24.4646035265,-22.8680725489
742,0,0,1.82451652452,-3.4618065687,-2.88852516399
743,0.969511266193,0.0547548172047,4.45888250632,-9.95390526912,-9.2266995454
744,0,0,2.62095355653,-3.68103714262,-3.21539453328
745,0,0,3.07954182813,-3.25839472947,-2.83812512558
746,0,0,3.07954182813,-3.25839472947,-2.83812512558
747,0,0,2.62095355653,-3.68103714262,-3.21539453328
748,0,0,3.91698380577,-4.27895853817,-3.92298081834
749,0,0,7.25523700872,-3.95639194299,-3.73472713385
750,0,0,1.81715783714,-3.38000860397,-2.80516235222
751,0,0,3.76717075181,-3.1080908848,-2.74097516819
752,0,0,2.49968739166,-3.3893298014,-2.90989857319
753,0,0,3.53848643963,-3.43973445604,-3.0561062729
754,0,0,3.43774939013,-2.5429783702,-2.14975549964
755,0,0,1.91189257454,-4.12524005463,-3.56705538395
756,0,0,1.83796981635,-3.7722226298,-3.20137510815
757,0,0,3.43774939013,-2.5429783702,-2.14975549964
758,0,0,7.25523700872,-3.95639194299,-3.73472713385
759,0,0,1.82451652452,-3.4618065687,-2.88852516399
760,0,0,1.83034395845,-3.5641573137,-2.990688346
761,0,0,3.53848643963,-3.43973445604,-3.0561062729
762,0,0,3.91698380577,-4.27895853817,-3.92298081834
763,1.0668606706,0.0606477681476,4.77532817789,-7.83468021491,-7.107486446
764,0,0,3.53848643963,-3.43973445604,-3.0561062729
765,0,0,3.91698380577,-4.27895853817,-3.92298081834
766,0,0,3.43774939013,-2.5429783702,-2.14975549964
767,0,0,1.72956076722,-3.02728858665,-2.43634069807
768,0,0,1.81715783714,-3.38000860397,-2.80516235222
769,0,0,3.36636718454,-4.12001277604,-3.72383377995
770,0,0,1.81715783714,-3.38000860397,-2.80516235222
771,0,0,1.82451652452,-3.4618065687,-2.88852516399
772,0,0,1.83796981635,-3.7722226298,-3.20137510815
773,0,0,3.43774939013,-2.5429783702,-2.14975549964
774,0,0,1.82451652452,-3.4618065687,-2.88852516399
775,0,0,1.82451652452,-3.4618065687,-2.88852516399
776,0,0,1.98801401479,-3.34428742579,-2.79583860971
777,0,0,1.91189257454,-4.12524005463,-3.56705538395
778,0,0,1.98801401479,-3.34428742579,-2.79583860971
779,0,0,3.76717075181,-3.1080908848,-2.74097516819
780,0,0,2.93042935506,-3.3861863424,-2.95072723546
781,0,0,2.62095355653,-3.68103714262,-3.21539453328
782,0,0,1.83034395845,-3.5641573137,-2.990688346
783,0,0,3.36636718454,-4.12001277604,-3.72383377995
784,0,0,2.93042935506,-3.3861863424,-2.95072723546
785,0,0,2.93042935506,-3.3861863424,-2.95072723546
786,0,0,3.43774939013,-2.5429783702,-2.14975549964
787,0,0,1.72956076722,-3.02728858665,-2.43634069807
788,0,0,3.76717075181,-3.1080908848,-2.74097516819
789,0,0,1.83034395845,-3.5641573137,-2.990688346
790,0,0,2.13582725596,-3.99066404892,-3.46584052902
791,0,0,2.51830818476,-3.64648445968,-3.16871656471
792,0,0,3.07954182813,-3.25839472947,-2.83812512558
793,0,0,2.62095355653,-3.68103714262,-3.21539453328
794,1.82129078727,0.102397146671,8.53236171479,-8.60186492869,-7.88563606018
795,0,0,2.26127704351,-3.97376936082,-3.46584052902
796,0,0,2.26127704351,-3.97376936082,-3.46584052902
797,0,0,3.26126788484,-3.24302962713,-2.83812512558
798,0,0,1.83284000739,-3.00938795667,-2.43634069807
799,0,0,2.41552358413,-3.67209660589,-3.1833336552
800,0,0,3.98971660174,-3.09377343455,-2.74097516819
801,0,0,3.74837838459,-3.42504994673,-3.0561062729
802,0,0,2.64815266417,-3.37297740964,-2.90989857319
803,0,0,3.74837838459,-3.42504994673,-3.0561062729
804,0,0,3.98971660174,-3.09377343455,-2.74097516819
805,0,0,1.92479894641,-3.36239576293,-2.80516235222
806,0,0,2.10751298726,-3.32688979193,-2.79583860971
807,0,0,2.64815266417,-3.37297740964,-2.90989857319
808,0,0,3.10642437829,-3.37046431118,-2.95072723546
809,0,0,1.83284000739,-3.00938795667,-2.43634069807
810,0,0,1.83284000739,-3.00938795667,-2.43634069807
811,0,0,1.93220309271,-3.44424762822,-2.88852516399
812,0,0,3.10642437829,-3.37046431118,-2.95072723546
813,0,0,2.66867997004,-3.63012041214,-3.16871656471
814,0,0,3.56468635111,-4.10510248326,-3.72383377995
815,0,0,2.10751298726,-3.32688979193,-2.79583860971
816,2.8448030154,0.466779420392,9.13622344596,-13.411499837,-12.3321090504
817,0,0,2.41552358413,-3.67209660589,-3.1833336552
818,0,0,1.83284000739,-3.00938795667,-2.43634069807
819,0,0,3.74837838459,-3.42504994673,-3.0561062729
820,0,0,3.26126788484,-3.24302962713,-2.83812512558
821,0,0,3.10642437829,-3.37046431118,-2.95072723546
822,0,0,2.02386833293,-4.10794414087,-3.56705538395
823,1.23391710871,0.0701067180403,5.53397000801,-8.76258790282,-8.04555945106
824,0,0,3.10642437829,-3.37046431118,-2.95072723546
825,0,0,3.56468635111,-4.10510248326,-3.72383377995
826,0,0,2.02386833293,-4.10794414087,-3.56705538395
827,0,0,2.64815266417,-3.37297740964,-2.90989857319
828,0,0,2.64815266417,-3.37297740964,-2.90989857319
829,0,0,3.56468635111,-4.10510248326,-3.72383377995
830,0,0,1.94621977587,-3.7547145842,-3.20137510815
831,0,0,2.10751298726,-3.32688979193,-2.79583860971
832,0,0,3.26126788484,-3.24302962713,-2.83812512558
833,0,0,1.93220309271,-3.44424762822,-2.88852516399
834,0,0,1.92479894641,-3.36239576293,-2.80516235222
835,1.78218077567,0.100596601752,8.21066334514,-10.8698720409,-10.1537516495
836,1.39421949838,0.0786791021544,6.40297776566,-9.6762412071,-8.96818342373
837,0,0,3.98971660174,-3.09377343455,-2.74097516819
838,0,0,2.10751298726,-3.32688979193,-2.79583860971
839,5.30890268518,1.27379475129,15.0151611459,-22.6720699337,-20.9649071706
840,3.93196815536,0.647161673868,12.492515819,-16.0633856205,-14.818392605
841,0,0,3.64647523158,-2.52800452393,-2.14975549964
842,0,0,2.77622621353,-3.66490561947,-3.21539453328
843,1.02144454059,0.0579569337803,4.60963287932,-11.1114189058,-10.3829772012
844,0,0,2.66867997004,-3.63012041214,-3.16871656471
845,0,0,3.26126788484,-3.24302962713,-2.83812512558
846,1.64090814291,0.0924537103478,7.61293082174,-11.5356415118,-10.8261578553
847,0,0,2.77622621353,-3.66490561947,-3.21539453328
848,0,0,3.64647523158,-2.52800452393,-2.14975549964
849,0,0,2.66867997004,-3.63012041214,-3.16871656471
850,0,0,1.93220309271,-3.44424762822,-2.88852516399
851,0,0,3.74837838459,-3.42504994673,-3.0561062729
852,0,0,1.93987102542,-3.54646855567,-2.990688346
853,0,0,2.02386833293,-4.10794414087,-3.56705538395
854,0,0,2.66867997004,-3.63012041214,-3.16871656471
855,0,0,2.77622621353,-3.66490561947,-3.21539453328
856,0,0,1.93220309271,-3.44424762822,-2.88852516399
857,0,0,3.64647523158,-2.52800452393,-2.14975549964
858,0,0,3.64647523158,-2.52800452393,-2.14975549964
859,0,0,2.66867997004,-3.63012041214,-3.16871656471
860,0,0,3.56468635111,-4.10510248326,-3.72383377995
861,0,0,3.10642437829,-3.37046431118,-2.95072723546
862,0,0,2.10751298726,-3.32688979193,-2.79583860971
863,0,0,1.83284000739,-3.00938795667,-2.43634069807
864,2.28139125731,0.367231785038,7.6906199203,-13.4772012646,-12.4531168125
865,0,0,2.66867997004,-3.63012041214,-3.16871656471
866,0,0,1.93220309271,-3.44424762822,-2.88852516399
867,0,0,2.66867997004,-3.63012041214,-3.16871656471
868,0,0,4.14508383397,-4.26493781861,-3.92298081834
869,0,0,2.77622621353,-3.66490561947,-3.21539453328
870,0,0,3.64647523158,-2.52800452393,-2.14975549964
871,0,0,3.64647523158,-2.52800452393,-2.14975549964
872,0,0,1.92479894641,-3.36239576293,-2.80516235222
873,0,0,2.10751298726,-3.32688979193,-2.79583860971
874,0,0,3.98971660174,-3.09377343455,-2.74097516819
875,0,0,2.77622621353,-3.66490561947,-3.21539453328
876,0,0,3.26126788484,-3.24302962713,-2.83812512558
877,0,0,3.74837838459,-3.42504994673,-3.0561062729
878,0,0,1.93220309271,-3.44424762822,-2.88852516399
879,0,0,1.93987102542,-3.54646855567,-2.990688346
880,0,0,3.10642437829,-3.37046431118,-2.95072723546
881,0,0,3.98971660174,-3.09377343455,-2.74097516819
882,0,0,3.56468635111,-4.10510248326,-3.72383377995
883,0,0,3.98971660174,-3.09377343455,-2.74097516819
884,0,0,1.93987102542,-3.54646855567,-2.990688346
885,0,0,3.98971660174,-3.09377343455,-2.74097516819
886,0,0,3.64647523158,-2.52800452393,-2.14975549964
887,0,0,3.26126788484,-3.24302962713,-2.83812512558
888,0,0,3.26126788484,-3.24302962713,-2.83812512558
889,1.06609184398,0.0604848567973,4.81504814054,-11.0368990528,-10.3118992589
890,0,0,1.83284000739,-3.00938795667,-2.43634069807
891,0,0,3.26126788484,-3.24302962713,-2.83812512558
892,1.91484024284,0.107481673501,9.03841438825,-8.65065399855,-7.92964982741
893,0,0,1.92479894641,-3.36239576293,-2.80516235222
894,0.957339087343,0.0540743148133,4.41153752086,-10.9081255833,-10.1801716429
895,0,0,1.94621977587,-3.7547145842,-3.20137510815
896,0,0,1.93987102542,-3.54646855567,-2.990688346
897,0,0,1.83284000739,-3.00938795667,-2.43634069807
898,0,0,3.10642437829,-3.37046431118,-2.95072723546
899,0,0,3.64647523158,-2.52800452393,-2.14975549964
900,0,0,1.93987102542,-3.54646855567,-2.990688346
901,0,0,1.83284000739,-3.00938795667,-2.43634069807
902,0,0,2.41552358413,-3.67209660589,-3.1833336552
903,0,0,3.56468635111,-4.10510248326,-3.72383377995
904,0,0,2.77622621353,-3.66490561947,-3.21539453328
905,0,0,1.83284000739,-3.00938795667,-2.43634069807
906,0,0,2.26127704351,-3.97376936082,-3.46584052902
907,0,0,3.98971660174,-3.09377343455,-2.74097516819
908,2.00425192899,0.11345808968,9.13904815366,-11.2127590824,-10.4824203837
909,0,0,2.02386833293,-4.10794414087,-3.56705538395
910,0,0,2.66867997004,-3.63012041214,-3.16871656471
911,1.1014564853,0.062054095562,5.11374250127,-12.3479842806,-11.6324028895
912,0,0,3.64647523158,-2.52800452393,-2.14975549964
913,0,0,2.26127704351,-3.97376936082,-3.46584052902
914,0,0,2.66867997004,-3.63012041214,-3.16871656471
915,0,0,2.77622621353,-3.66490561947,-3.21539453328
916,0,0,7.67794336938,-3.94626948596,-3.73472713385
917,0,0,3.56468635111,-4.10510248326,-3.72383377995
918,1.44994843004,0.0820999611776,6.59099778359,-11.1311951402,-10.4214852399
919,2.34369672103,0.380036703778,7.83390013716,-15.4365157149,-14.4058212879
920,0,0,2.10751298726,-3.32688979193,-2.79583860971
921,0,0,3.26126788484,-3.24302962713,-2.83812512558
922,0,0,4.14508383397,-4.26493781861,-3.92298081834
923,0,0,3.98971660174,-3.09377343455,-2.74097516819
924,0,0,2.77622621353,-3.66490561947,-3.21539453328
925,0,0,2.64815266417,-3.37297740964,-2.90989857319
926,0,0,1.83284000739,-3.00938795667,-2.43634069807
927,0,0,3.74837838459,-3.42504994673,-3.0561062729
928,1.01734551114,0.0576853768676,4.60853347294,-9.04655088175,-8.31869980351
929,0,0,2.10751298726,-3.32688979193,-2.79583860971
930,0,0,1.92479894641,-3.36239576293,-2.80516235222
931,0,0,3.10642437829,-3.37046431118,-2.95072723546
932,1.03014805572,0.0583299315934,4.69369827815,-12.8519747752,-12.1266515725
933,1.9055840254,0.106986362122,8.98519278233,-9.59713590297,-8.8766181297
934,1.27549173879,0.0724260151717,5.76066075804,-12.3168341145,-11.6026253679
935,0,0,2.02386833293,-4.10794414087,-3.56705538395
936,0,0,3.98971660174,-3.09377343455,-2.74097516819
937,0,0,1.93987102542,-3.54646855567,-2.990688346
938,1.46685204798,0.0830463221642,6.6715155384,-9.87869651484,-9.16907149645
939,0,0,2.26127704351,-3.97376936082,-3.46584052902
940,0,0,3.74837838459,-3.42504994673,-3.0561062729
941,0,0,1.83284000739,-3.00938795667,-2.43634069807
942,0,0,3.98971660174,-3.09377343455,-2.74097516819
943,0,0,3.64647523158,-2.52800452393,-2.14975549964
944,0,0,3.74837838459,-3.42504994673,-3.0561062729
945,1.12335184551,0.0632670256324,5.22424519968,-10.0662648223,-9.352252142
946,1.8181856116,0.102379142302,8.46152574341,-7.30111373879,-6.58433828118
947,0,0,3.64647523158,-2.52800452393,-2.14975549964
948,0,0,4.14508383397,-4.26493781861,-3.92298081834
949,2.46229729156,0.406996504622,7.98868019718,-15.6376791741,-14.5908855793
950,0,0,3.98971660174,-3.09377343455,-2.74097516819
951,4.49856792564,0.737381073722,14.4178502389,-12.5844376743,-11.2388696609
952,0,0,3.98971660174,-3.09377343455,-2.74097516819
953,0,0,3.64647523158,-2.52800452393,-2.14975549964
954,0,0,1.83284000739,-3.00938795667,-2.43634069807
955,0,0,1.93987102542,-3.54646855567,-2.990688346
956,0,0,3.64647523158,-2.52800452393,-2.14975549964
957,0,0,1.92479894641,-3.36239576293,-2.80516235222
958,1.01546836493,0.057507938864,4.62267857705,-8.8548317727,-8.1282057974
959,0,0,1.93987102542,-3.54646855567,-2.990688346
960,0,0,3.98971660174,-3.09377343455,-2.74097516819
961,0,0,3.10642437829,-3.37046431118,-2.95072723546
962,0,0,2.26127704351,-3.97376936082,-3.46584052902
963,2.12157826225,0.344909688497,7.01834592786,-14.3099083983,-13.2856892929
964,0,0,2.10751298726,-3.32688979193,-2.79583860971
965,1.85379210426,0.105170471517,8.34977050329,-10.7085040201,-9.986365202
966,1.50106115008,0.0849002123219,6.85502560559,-9.6369399068,-8.92780202816
967,0,0,3.64647523158,-2.52800452393,-2.14975549964
968,1.93827497388,0.10914755565,9.00378108249,-7.19514134958,-6.47124043196
969,0,0,3.64647523158,-2.52800452393,-2.14975549964
970,0,0,3.26126788484,-3.24302962713,-2.83812512558
971,0,0,2.64815266417,-3.37297740964,-2.90989857319
972,0,0,1.93987102542,-3.54646855567,-2.990688346
973,1.45132552663,0.0821846607852,6.59501582579,-8.82177569979,-8.1120106393
974,1.07837291266,0.0611106783328,4.88550836555,-8.91196381591,-8.18884084755
975,0,0,2.77622621353,-3.66490561947,-3.21539453328
976,0,0,1.83284000739,-3.00938795667,-2.43634069807
977,1.41792585989,0.0802092496083,6.47607703783,-10.5716732952,-9.86257442663
978,0,0,3.64647523158,-2.52800452393,-2.14975549964
979,1.35480572952,0.0769738755122,6.1043968444,-8.54782455919,-7.83535134241
980,0,0,3.56468635111,-4.10510248326,-3.72383377995
981,0,0,7.67794336938,-3.94626948596,-3.73472713385
982,0,0,3.64647523158,-2.52800452393,-2.14975549964
983,0,0,2.26127704351,-3.97376936082,-3.46584052902
984,0,0,1.92479894641,-3.36239576293,-2.80516235222
985,0,0,1.83284000739,-3.00938795667,-2.43634069807
986,0,0,2.41552358413,-3.67209660589,-3.1833336552
987,0,0,2.64815266417,-3.37297740964,-2.90989857319
988,2.02742837089,0.113914293392,9.605406562,-10.3337739179,-9.60497302183
989,0,0,2.26127704351,-3.97376936082,-3.46584052902
990,0,0,2.64815266417,-3.37297740964,-2.90989857319
991,0,0,1.93220309271,-3.44424762822,-2.88852516399
992,1.81717629517,0.10212979206,8.52625262575,-11.5435596803,-10.8277139721
993,0,0,1.94621977587,-3.7547145842,-3.20137510815
994,0,0,1.92479894641,-3.36239576293,-2.80516235222
995,0,0,1.83284000739,-3.00938795667,-2.43634069807
996,1.95895773099,0.110882854715,8.91811874866,-9.35811375094,-8.63075151079
997,5.11558380845,1.50378203586,13.5301921582,-29.1562959176,-27.3652155797
998,0,0,3.10642437829,-3.37046431118,-2.95072723546
999,0,0,3.10642437829,-3.37046431118,-2.95072723546
1000,1.45132552663,0.0821846607852,6.59501582579,-8.82177569979,-8.1120106393
1001,1.26822167279,0.0719895902772,5.7257343666,-11.1470894201,-10.4326165581
1002,5.68457302861,1.71895795629,14.2181333426,-25.8005808939,-23.7961543122
1003,3.54612149749,0.580728008858,11.4641605785,-18.9561235485,-17.7783593619
1004,3.90830200552,0.639797027828,12.6395599471,-12.6299229022,-11.3911708648
1005,0,0,2.77622621353,-3.66490561947,-3.21539453328
1006,2.07344509904,0.33950774915,6.72293809485,-13.6484094942,-12.6199963862
1007,0,0,2.77622621353,-3.66490561947,-3.21539453328
1008,6.25441814942,1.88800201013,15.571093509,-26.0391310212,-23.8505423162
1009,1.29044651181,0.0727024544545,5.97064778254,-9.56569407543,-8.85748230048
1010,1.61868493697,0.0911227364255,7.47276389467,-8.32391624454,-7.61473093533
1011,0,0,2.77622621353,-3.66490561947,-3.21539453328
1012,4.06319610372,0.627808586271,16.8545661402,-13.842546894,-12.6018673541
1013,10.1927911631,2.01706773847,69.5298391646,-21.5168978348,-19.0265327052
1014,6.16489353685,0.926704593169,10000,-16.6954244404,-15.1126708126
1015,21.4913840415,3.74362107504,68.4566373955,-19.3404418834,-15.7253724342
1016,0,0,10000,-2.14975549964,-2.14975549964
1017,10.0057871593,2.07501010583,10000,-22.0340647921,-19.5026433117
1018,5119.0,11.8983968534,10000,-29.3877545708,-20.6711966726
1019,40.6221474403,10.1194787484,127.067480831,-24.7877784219,-17.6033381233
1020,11.3228590987,2.4023687411,10000,-21.9734780552,-19.1609389334
1021,5.74856849215,0.486572457836,20.7188997398,-11.4902969906,-10.1899960175
1022,23.2817426073,4.02951047623,10000,-23.8932701829,-19.9617050735
1023,605.316582265,20.9977290623,10000,-30.1997326188,-19.6408867813
1024,36.4103645762,9.43456926221,10000,-26.6525676686,-19.8633795023
1025,12.7963078508,2.88774249712,41.924077298,-17.9935587679,-14.7926639816
1026,20.3648902048,3.167891068,10000,-22.2600920668,-18.8757446531
1027,5.94307339646,1.33859159503,22.6984305435,-16.9603949053,-15.1613686285
1028,32.5116434719,10.9689942734,10000,-28.6807996143,-20.0871048994
1029,19.7827867779,4.24272552936,200.045131154,-21.6441332602,-17.5128351353
1030,3.89488419064,0.607171444487,15.6351141064,-14.9829899046,-13.7669050909
1031,28.9308847076,8.14058000695,10000,-25.5424398691,-19.036872417
1032,0,0,10000,-2.90989857319,-2.90989857319
1033,2.97954499595,0.167005494382,14.1951891232,-6.85385100551,-6.0318373578
1034,2.55815970814,0.143931619392,12.0391319305,-9.50097296266,-8.72371168338
1035,0,0,2.64815266417,-3.37297740964,-2.90989857319
1036,0.966036954113,0.0545593046214,4.45423268599,-8.64532267636,-7.91821223761
1037,3.17633150285,0.77630702676,8.64195105997,-17.9366291247,-16.6868407778
1038,7.24463834865,2.45927364847,17.5099648371,-27.252139804,-24.5220675582
1039,4.22003242825,0.688552854298,13.7454876939,-13.2982824603,-12.0058344353
1040,4.81044604266,0.99650673818,13.6249587992,-15.9147440108,-14.3992711413
1041,3.12097544007,0.506736450431,10.2411915247,-13.5427655304,-12.4319850479
1042,1.26248873125,0.0716308734581,5.69487765685,-9.61450810419,-8.89974125931
1043,0,0,3.64647523158,-2.52800452393,-2.14975549964
1044,5.9309515632,2.06090128529,13.6834169413,-23.4607314668,-21.1940407418
1045,1.09970469295,0.0619578430883,5.10468545381,-10.1331139104,-9.41739050335
1046,0,0,7.91901319518,-3.94090740694,-3.73472713385
1047,0,0,1.94621977587,-3.7547145842,-3.20137510815
1048,0,0,1.92479894641,-3.36239576293,-2.80516235222
1049,1.00467114788,0.0568317449557,4.5920686405,-7.53311793561,-6.80686879776
1050,3.19387927533,0.780888802257,8.69071537082,-17.5514812204,-16.2992058823
1051,1.92772931223,0.108180469883,9.10845934449,-9.74455753518,-9.02281937318
1052,2.0180109245,0.328354087253,6.69196590851,-17.439284347,-16.4156765472
1053,1.18315660567,0.0671723311384,5.31486591655,-10.3670680675,-9.64800680843
1054,2.16654407754,0.130168200541,8.99079511271,-12.1341136516,-11.371995061
1055,3.94700952756,0.970323441753,10.6965518224,-20.2074318008,-18.8125033094
1056,4.53862437896,1.09863481056,12.6954900415,-22.0639833316,-20.5403962259
1057,1.39088940385,0.0786566150663,6.34967159938,-10.1899949674,-9.48060984399
1058,0,0,2.77622621353,-3.66490561947,-3.21539453328
1059,1.83612415265,0.104172536063,8.26890951239,-9.75728718413,-9.0360548577
1060,3.39871303102,0.818119655398,9.55417687423,-23.1323962898,-21.8528656377
1061,4.95346282415,0.858042225391,15.1138738788,-13.8487644776,-12.3898738938
1062,1.99802396598,0.325195755373,6.61826326244,-14.0182065559,-12.994363991
1063,2.90540366058,0.475094017837,9.35763131106,-10.793774702,-9.70849557074
1064,1.62558918709,0.0914602399764,7.54169189132,-9.08280156773,-8.37402541064
1065,5.46096212439,0.895736893006,17.5962453857,-16.1327744714,-14.6084951449
1066,4.31584081791,0.707549394533,13.9228185782,-14.9438035986,-13.6318377008
1067,5.7505571787,1.73542177915,14.4650349336,-23.7590371047,-21.7357827143
1068,1.02857626778,0.058338171331,4.64767384,-7.53523328156,-6.80773857629
1069,1.2710904094,0.0721845549314,5.72433506251,-8.14968497175,-7.43485880357
1070,4.17004573865,0.671834030921,14.1365051779,-13.1939447364,-11.9161813598
1071,4.72900671097,0.793934861318,14.8614644186,-14.2819006831,-12.8820346111
1072,12.7746512374,4.83879211961,28.6029849048,-31.0807450268,-25.8392656103
1073,4.90476008944,1.18416571056,13.7566182506,-19.4280683661,-17.8166963308
1074,7.04128587178,2.44495889034,16.655651274,-29.1104507522,-26.403953804
1075,4.03080106245,0.985572266632,10.9796019558,-20.6920585306,-19.2812118183
1076,1.3123506033,0.0744601701642,5.9196606819,-8.22095762501,-7.50776562213
1077,1.61868493697,0.0914690099855,7.40419390957,-8.69394435481,-7.9831992702
1078,0,0,2.00304764385,-3.53686593479,-2.990688346
1079,1.70510086078,0.0962693762773,7.82903050788,-7.22491044752,-6.51192113025
1080,0,0,3.76769727812,-2.51992152111,-2.14975549964
1081,1.76051861003,0.0997807443672,7.97676631457,-10.6266937931,-9.90956127476
1082,12.3029348083,4.13744547492,28.2279596094,-24.6960145027,-20.3506171112
1083,4.47607587819,0.76815720423,13.7096091428,-13.5258623988,-12.1636144118
1084,0,0,2.7335118903,-3.3641323785,-2.90989857319
1085,3.14233098066,0.512559245204,10.2740603282,-14.2247441423,-13.1094977914
1086,0,0,3.20816206461,-3.36196295103,-2.95072723546
1087,2.00425192899,0.112733253247,9.34629246812,-7.16693004905,-6.43895503217
1088,0,0,3.36545113718,-3.23475323017,-2.83812512558
1089,1.07879783985,0.0611709677365,4.88256563732,-7.59712805167,-6.87357992187
1090,2.07389503618,0.337031384986,6.91432555166,-16.9893873102,-15.9663791244
1091,4.20307836645,0.674557786626,14.4914217104,-17.0532955537,-15.7714537239
1092,0,0,1.98660039406,-3.35285480251,-2.80516235222
1093,0,0,1.98660039406,-3.35285480251,-2.80516235222
1094,0,0,2.00822217708,-3.74524063919,-3.20137510815
1095,0,0,4.11736332697,-3.08608902932,-2.74097516819
1096,1.49886282219,0.0847943581571,6.82295606365,-8.79033524504,-8.08076798647
1097,1.16329862478,0.0660242777252,5.25513463372,-8.44463062366,-7.72561950506
1098,3.30975426315,0.536989148642,10.8651569822,-13.7125784259,-12.5749446904
1099,0,0,1.89234288177,-2.99967588702,-2.43634069807
1100,4.29212121039,0.686500068726,14.9964571092,-15.7483510443,-14.4522803659
1101,3.52251589093,0.858441087875,9.69470304103,-19.6764356123,-18.3709734521
1102,7.71340098381,2.37639691275,18.9639109238,-23.5858361365,-20.8896170227
1103,2.12771620399,0.3488395004,6.87854717407,-15.1695099237,-14.1397299072
1104,0,0,2.7335118903,-3.3641323785,-2.90989857319
1105,3.68016712618,0.901840342537,9.97488968468,-17.3944068207,-16.0567804219
1106,0,0,1.89234288177,-2.99967588702,-2.43634069807
1107,0,0,2.17660404403,-3.3174374666,-2.79583860971
1108,3.66699056782,0.892347360735,10.0700085576,-18.0746492663,-16.7422235239
1109,0,0,2.49244812706,-3.66309245536,-3.1833336552
1110,0,0,3.20816206461,-3.36196295103,-2.95072723546
1111,0,0,3.76769727812,-2.51992152111,-2.14975549964
1112,2.32029920436,0.3794221649,7.59377250807,-13.6392632215,-12.6052062798
1113,0,0,3.20816206461,-3.36196295103,-2.95072723546
1114,0,0,3.76769727812,-2.51992152111,-2.14975549964
1115,0,0,3.20816206461,-3.36196295103,-2.95072723546
1116,1.51162925585,0.0856536343361,6.89543960764,-8.75437614308,-8.04476317953
1117,0,0,2.49244812706,-3.66309245536,-3.1833336552
1118,0,0,2.00304764385,-3.53686593479,-2.990688346
1119,1.3123506033,0.0744318741564,5.93150389112,-10.0893829115,-9.37653034572
1120,0,0,2.17660404403,-3.3174374666,-2.79583860971
1121,0,0,2.00304764385,-3.53686593479,-2.990688346
1122,1.44840935293,0.0818965807685,6.63399245468,-9.30967699719,-8.60103465187
1123,0,0,2.49244812706,-3.66309245536,-3.1833336552
1124,1.64390073633,0.0928573110601,7.53889397399,-7.11409649525,-6.40296221913
1125,0,0,3.76769727812,-2.51992152111,-2.14975549964
1126,1.38808654779,0.0787848416472,6.25688228811,-8.1585676946,-7.44677606686
1127,0,0,3.76769727812,-2.51992152111,-2.14975549964
1128,0,0,1.99393346555,-3.43474271838,-2.88852516399
1129,2.74794302418,0.452130048381,8.77459720745,-12.3759131587,-11.3060630186
1130,1.01032968084,0.0571333573586,4.62782866556,-7.55408934616,-6.82874271043
1131,0,0,2.7335118903,-3.3641323785,-2.90989857319
1132,0,0,2.86540100128,-3.65618880838,-3.21539453328
1133,1.04853570426,0.0593508948255,4.78512963455,-8.82029490719,-8.09668406509
1134,1.65997891681,0.0935787841766,7.67982758268,-7.98529660426,-7.27476751687
1135,0,0,3.76769727812,-2.51992152111,-2.14975549964
1136,0,0,3.20816206461,-3.36196295103,-2.95072723546
1137,0,0,3.20816206461,-3.36196295103,-2.95072723546
1138,0,0,3.73534882161,-4.09319083424,-3.72383377995
1139,0,0,2.53105060449,-3.65870653945,-3.1833336552
1140,1.45854500246,0.0824445971099,6.68962968201,-9.75412625521,-9.04568852552
1141,2.54945174976,0.420860287304,8.1707484079,-13.9892356613,-12.9363208587
1142,2.40915673737,0.397674794507,7.70211656379,-16.253177087,-15.2099281726
1143,1.46400346956,0.0827483289153,6.71657588635,-11.6991900965,-10.9907812381
1144,0,0,2.01763411301,-3.34820406004,-2.80516235222
1145,5.0511708111,0.804561234172,16.8714021037,-17.5365143944,-16.1050210823
1146,0,0,3.25929317012,-3.35782851722,-2.95072723546
1147,1.27549173879,0.0728091708765,5.77606722244,-10.4517074967,-9.73549720167