site,MLE,Lower,Upper,LogL_global,LogL_local
1,0,0,10000,-3.30166480858,-3.30166480858
2,1.27548010611,0.0725120182624,5.70445215559,-8.56633350283,-8.53923950226
3,2.88709026409,0.613841769035,9.13856313424,-16.8358533971,-15.8535177521
4,16.3256310385,4.20840718604,10000,-33.4172468491,-25.8200182203
5,10.6753923643,3.37978551435,10000,-32.1775437551,-25.3336330905
6,10.4970136039,3.4505484521,10000,-32.3184080669,-25.3721273975
7,206.030104204,4.86877655883,10000,-32.5167162525,-24.2308795035
8,1.16737565825,0.284662258362,3.34794184062,-22.0573022186,-22.0249573938
9,11.6518844839,2.65978186331,10000,-30.427336149,-25.3410269603
10,13.4106599234,2.87361797443,10000,-41.964920826,-36.3638691608
11,3.22466857777,1.29794676604,8.64459733715,-38.3183693527,-35.2330775977
12,7.04255875691,2.82679910853,17.6589666472,-69.0077518225,-59.2010585582
13,2.41626214387,1.21899431087,4.41108819423,-56.3202131078,-53.280679608
14,1.67181617487,0.972928041152,2.67151412864,-86.0567386457,-84.3121081914
15,3.77950235219,2.60933201761,5.3786172396,-188.679716205,-168.437485664
16,1.32533635627,0.979045543757,1.74703697982,-261.21718229,-259.54489703
17,3.53155831402,2.89291915077,4.27380115741,-583.050453412,-523.881470072
18,3.32231922423,2.73761019276,3.99633735135,-613.774616647,-556.60088383
19,77.649804317,1.73996041984,10000,-17.5853256223,-14.1840712417
20,77.649804317,1.73996041984,10000,-17.2729597269,-13.8717053464
21,77.649804317,1.05568419528,10000,-16.9759565789,-14.9552994728
22,85.8621064061,0.12717634859,10000,-5.94786796332,-5.61077835981
23,85.8621064061,0.12717634859,10000,-5.76853781928,-5.43144821577
24,77.6658959216,0.128115698175,10000,-6.43983397569,-6.10274437219
25,77.649804317,0.128089153871,10000,-6.28698982772,-5.94990022421
26,85.8621064061,0.12717634859,10000,-6.3242380816,-5.98714847809
27,77.8622504424,0.128439599628,10000,-6.16944728107,-5.83235767757
28,85.8621064061,0.12717634859,10000,-6.69322100032,-6.35613139681
29,77.6625331846,0.128110151089,10000,-5.99569716541,-5.6586075619
30,77.649804317,0.128089153871,10000,-5.87135345168,-5.53426384818
31,77.6584233203,0.128103371561,10000,-6.4987315128,-6.16164190929
32,0,0,10000,-2.5513239783,-2.5513239783
33,0,0,10000,-3.00367797051,-3.00367797051
34,0,0,10000,-3.00367797051,-3.00367797051
35,4.18368377615,3.50329887966,4.96857429441,-771.91596012,-677.910808642
36,2.41783603012,1.9719705345,2.93172678083,-557.295078211,-527.429692086
37,1.36589168626,1.0597327175,1.72755309819,-377.562208249,-374.713486106
38,0.900951045193,0.661596405061,1.19299074758,-274.811905672,-274.561827209
39,0.895107433886,0.654974557444,1.18853243402,-274.490003597,-274.213098747
40,0.835946089506,0.6069355114,1.11730384825,-260.872040285,-260.165656568
41,0.0379778453592,0.0063137283454,0.117331701512,-66.0165263674,-22.2136778545
42,0,0,0.0358808057211,-55.9928861152,-2.73887130427
43,0.0731191677724,0.0227046289644,0.169912655755,-76.7731197101,-36.6847666021
44,1.03193548011,0.772568651305,1.34498452565,-302.288318203,-302.263773435
45,0,0,0.0358808057211,-55.9928861152,-2.73887130427
46,0.163083910947,0.0783395118734,0.294154080589,-102.536467614,-72.8419562147
47,0.0914852190809,0.0327973374859,0.196739069553,-77.6486067396,-40.1854487814
48,0,0,0.03495413518,-57.4092454469,-2.73887130427
49,0.487136149732,0.322780621984,0.699948236225,-179.708360603,-171.115486681
50,0.0929717920086,0.0333275697169,0.199965568785,-80.0949514593,-43.4810972111
51,0.672878473908,0.473306110162,0.92250107781,-206.455237545,-203.341450546
52,1.86552256742,1.49483298363,2.29587768955,-473.674383906,-460.136552567
53,0.145117522114,0.0662956806071,0.270275194099,-98.5775911508,-67.074990683
54,2.60924362311,2.14918055241,3.13602823949,-593.896337576,-555.817338754
55,0.0184907499103,0.00105533596555,0.0814462720611,-60.82928118,-12.0714907099
56,3.84733967974,3.24066049686,4.5380340543,-778.449184805,-689.70967474
57,0,0,10000,-3.19468155496,-3.19468155496
58,0,0,10000,-2.94922063088,-2.94922063088
59,0,0,10000,-2.55954116023,-2.55954116023
60,0,0,10000,-2.96696035434,-2.96696035434
61,0,0,10000,-3.07129723036,-3.07129723036
62,0,0,10000,-2.98293986988,-2.98293986988
63,0,0,10000,-2.80654857678,-2.80654857678
64,0,0,10000,-2.87190705555,-2.87190705555
65,0,0,10000,-2.55954116023,-2.55954116023
66,0,0,10000,-2.98293986988,-2.98293986988
67,0,0,10000,-2.55954116023,-2.55954116023
68,0,0,10000,-2.55954116023,-2.55954116023
69,0,0,10000,-2.94922063088,-2.94922063088
70,77.6584233203,0.119937642426,10000,-6.38845611713,-6.0665886105
71,3.96302800397,3.32397459309,4.69628221628,-768.054628111,-678.757344227
72,2.85949900058,2.36417701696,3.42687609121,-620.935906396,-574.305465831
73,1.43459729505,1.12098985907,1.80397905785,-401.997549742,-398.028557145
74,2.19572306349,1.78574707302,2.66750092787,-545.353021948,-521.783997126
75,3.45030433185,1.9971106672,5.63492757543,-90.9876567768,-82.6053349055
76,1.81059859148,0.900119899815,3.22710349183,-54.6482295689,-53.2204229485
77,3.63126971128,3.02707434156,4.32314503439,-695.853231768,-622.825298109
78,5.49711845549,2.86079032429,9.99134902918,-66.7147825479,-56.1985892502
79,2.26771062189,0.953114853832,4.5791335599,-38.2843523345,-36.5489086442
80,0,0,10000,-2.94922063088,-2.94922063088
81,0,0,10000,-3.07129723036,-3.07129723036
82,0,0,10000,-3.18414186205,-3.18414186205
83,0,0,10000,-2.80654857678,-2.80654857678
84,0,0,10000,-3.07129723036,-3.07129723036
85,0,0,10000,-2.94922063088,-2.94922063088
86,0,0,10000,-2.96109680489,-2.96109680489
87,0,0,10000,-2.96109680489,-2.96109680489
88,0,0,10000,-2.96109680489,-2.96109680489
89,0,0,10000,-2.55954116023,-2.55954116023
90,0,0,10000,-2.73887130427,-2.73887130427
91,0,0,10000,-2.55954116023,-2.55954116023
92,0,0,10000,-2.80654857678,-2.80654857678
93,0,0,10000,-2.87190705555,-2.87190705555
94,0,0,10000,-2.55954116023,-2.55954116023
95,0,0,10000,-3.00367797051,-3.00367797051
96,0,0,10000,-3.07129723036,-3.07129723036
97,0,0,10000,-3.00367797051,-3.00367797051
98,0,0,10000,-2.98293986988,-2.98293986988
99,0,0,10000,-2.80654857678,-2.80654857678
100,0,0,10000,-2.87190705555,-2.87190705555
101,0,0,10000,-2.55954116023,-2.55954116023
102,0,0,10000,-2.98293986988,-2.98293986988
103,0,0,10000,-2.82867970706,-2.82867970706
104,0,0,10000,-2.55954116023,-2.55954116023
105,0,0,10000,-2.94922063088,-2.94922063088
106,0,0,10000,-3.19468155496,-3.19468155496
107,0,0,10000,-2.98293986988,-2.98293986988
108,0,0,10000,-2.87190705555,-2.87190705555
109,0,0,10000,-3.07129723036,-3.07129723036
110,0,0,10000,-2.82867970706,-2.82867970706
111,0,0,10000,-2.98293986988,-2.98293986988
112,0,0,10000,-3.00367797051,-3.00367797051
113,0,0,10000,-3.07129723036,-3.07129723036
114,0,0,10000,-2.55954116023,-2.55954116023
115,0,0,10000,-3.07129723036,-3.07129723036
116,1.77021894227,1.41196537706,2.18679055177,-464.999368526,-453.935787694
117,1.67145929247,1.3242418897,2.07764336866,-436.071594025,-427.459173651
118,2.19020067921,1.77907140114,2.66479613131,-539.814862285,-516.577646577
119,1.49413928157,1.17351168383,1.87048399614,-410.083434947,-405.028855872
120,0.914795193948,0.676505527634,1.20419320803,-283.212739425,-283.023217095
121,1.84309810766,1.47935446072,2.26464256724,-484.80655114,-471.559890292
122,0.955158482784,0.71066501779,1.25121363611,-301.367145075,-301.315603299
123,3.82709823082,3.21152046649,4.53349211408,-771.254282096,-685.420718908
124,0.895213982732,0.659855097046,1.18183442389,-284.248235018,-283.959574429
125,0.264677248806,0.14899589744,0.429013311526,-120.901633769,-100.813863992
126,0.522942943785,0.35207297109,0.742123756905,-198.918832116,-191.593256966
127,0.018498680776,0.00105579178522,0.0814814374499,-60.8403083532,-12.1049403078
128,1.40992690655,1.0998343156,1.77539048461,-389.36832791,-385.797550975
129,2.02487010959,1.6357817041,2.47468748493,-511.780953608,-493.547036193
130,0.7075110294,0.50324692545,0.961079017724,-243.683541321,-241.197479944
131,3.82806113815,3.20875865139,4.53940330855,-774.337571878,-689.553366414
132,1.69794832857,1.34521307393,2.11061397274,-431.38027148,-422.281417054
133,0.146638315341,0.0669871445019,0.273130597314,-96.3431208159,-65.3511935389
134,3.8841301865,3.26422221186,4.59299963638,-772.043280966,-683.65745214
135,4.72147104752,3.98363842845,5.57588816461,-868.192084025,-747.201183737
136,0.151296272887,0.0691218299042,0.28176053132,-95.2704386445,-65.6430568513
137,0.402958253774,0.254102360619,0.601200091083,-155.020246934,-143.072289923
138,3.37840550321,2.81512730893,4.02598871043,-725.169193019,-658.465226924
139,5.44759124655,4.58696135368,6.45964589035,-927.297603245,-783.429552284
140,1.36868153784,1.06297431595,1.72943343076,-381.747964468,-378.841572276
141,3.0322806622,2.52254687154,3.61373614734,-683.026800587,-628.276027925
142,0.578920766106,0.395294658669,0.812566617609,-205.407323203,-200.037028258
143,1.06468303378,0.804050900761,1.3775790293,-314.342992814,-314.24056715
144,1.11582925831,0.849019070907,1.43479814383,-343.818412462,-343.493590976
145,0.374227324938,0.233062941205,0.563628755151,-151.71249667,-138.051971255
146,0.413629598681,0.263796794486,0.611904355347,-161.202019747,-149.522512708
147,0.481389031564,0.316127685713,0.696592270411,-172.886102055,-164.332266635
148,0.0927490069183,0.0332478447697,0.199484505442,-82.3734824783,-45.6400890303
149,0.0369960863918,0.00615058262624,0.11429122239,-66.0514791989,-20.9041500602
150,0.0370625371461,0.0061616224354,0.114501464411,-64.5741062227,-19.5202785523
151,0.428491209081,0.276159990469,0.62888503415,-167.551777495,-156.459809281
152,0.0181557335047,0.00103624040536,0.0799634085459,-61.5101385869,-11.704466291
153,0,0,0.03495413518,-57.4092454469,-2.73887130427
154,0,0,0.03495413518,-57.4092454469,-2.73887130427
155,0,0,0.0346549462698,-58.049111549,-2.87190705555
156,1.92650024954,1.54878270561,2.36360616351,-483.687001651,-468.438253215
157,0.0369923162301,0.00614994944004,0.114284078792,-65.6298232146,-20.4768694001
158,0,0,0.0344669458146,-58.4674966399,-2.96696035434
159,0.819751101102,0.59535066123,1.09515659166,-248.092794462,-247.21581875
160,1.55636784101,1.22890778757,1.93908385398,-416.256999146,-409.924853484
161,0.622991309501,0.433470764806,0.861403334384,-219.920286514,-215.604408847
162,0.112509249597,0.0447075156767,0.228087339378,-83.9913677169,-49.9410522
163,0.130560501897,0.0560737110534,0.252693042066,-88.3337297329,-56.2379719572
164,1.66803961261,1.32452706824,2.06862530679,-449.458570768,-440.759075821
165,0.0186819999284,0.00106630225226,0.0822740649634,-61.4740938635,-13.1014292915
166,0.374208667106,0.233057727678,0.563617291918,-145.739024052,-132.072422209
167,0.759241640176,0.546994081732,1.02095756268,-260.050642882,-258.400432343
168,1.66150682265,1.31948014201,2.06019784181,-452.287611618,-443.705609626
169,0,0,0.0344669458146,-58.4674966399,-2.96696035434
170,0.400438565637,0.252409955,0.597776188298,-156.466663384,-144.378943488
171,1.33534619,1.03849914911,1.68511887317,-379.195062267,-376.682790669
172,0.745153641199,0.534411623304,1.00572075165,-256.021281153,-254.176609556
173,0.787380741471,0.569230695495,1.05518901954,-260.167984064,-258.909083576
174,1.59170051564,1.25598669165,1.98477020179,-427.363324483,-420.449548
175,0.036000549235,0.00598547482446,0.111202582917,-68.3672000511,-21.6813584044
176,1.24807693778,0.959195156964,1.59125877728,-344.192730574,-342.814097809
177,0.353750263198,0.217428512788,0.538050853358,-145.088288716,-130.242895858
178,0.94032823795,0.700142665754,1.23074382927,-292.973350464,-292.87965398
179,1.60866439548,1.27114644623,2.00388861994,-429.727840017,-422.439652262
180,0.51923274933,0.346758422507,0.741669586484,-190.150381854,-182.936652409
181,1.05564368001,0.797415470298,1.365369618,-340.484331752,-340.407522742
182,3.2837300395,2.73751174308,3.90934315185,-713.604641914,-649.864824503
183,2.74868724668,2.26881524189,3.29886507661,-640.292666572,-597.398440576
184,1.51480511877,1.18958801576,1.89654235235,-418.198664988,-412.812962954
185,0.671301976928,0.47216260848,0.920496510806,-226.038686369,-222.887518401
186,2.39067350908,1.96089579557,2.88305478286,-583.190958118,-552.454633354
187,1.0766340146,0.815290966373,1.38983980104,-330.537801282,-330.393482141
188,0.13074937758,0.0561549795025,0.253073791148,-90.6881052502,-58.6589114393
189,0.581340185807,0.39661292577,0.815921097237,-202.13277382,-196.858621797
190,0.0747676591275,0.0232161224837,0.173747927315,-75.6723999365,-36.706201244
191,0.0371261586261,0.00617221930121,0.114699560779,-64.8457305793,-19.8847661845
192,0.0182379650945,0.0010409293037,0.0803274514702,-61.4455120307,-11.9006466359
193,0.017930239521,0.0010233847485,0.0789660840187,-66.0834583985,-15.555884071
194,0.108628762299,0.0431648776506,0.220226388373,-87.1741703858,-51.4555884348
195,0,0,0.0335542563265,-60.7859927577,-3.66009475069
196,0,0,0.0346549462698,-58.049111549,-2.87190705555
197,0.017870373826,0.00101997401297,0.0787006070018,-63.2266178606,-12.4955030543
198,0,0,0.0358387930145,-56.4703036141,-3.07129723036
199,0.76729879832,0.552727967309,1.03188160871,-250.815289341,-249.29633854
200,2.69029571515,2.21563029725,3.23501658383,-622.651392895,-582.310438843
201,0.499083074711,0.330436763542,0.717089637275,-186.473644264,-178.534832695
202,2.11937335326,1.71675277623,2.58356732071,-508.093849554,-487.203626263
203,0.0355774041041,0.00591532471077,0.10988497375,-68.8465009774,-21.4817882089
204,0,0,0.0358387930145,-56.4703036141,-3.07129723036
205,0.76459668051,0.550774154417,1.02834824684,-251.278669021,-249.717355078
206,2.48210401378,2.03679655611,2.99300624056,-586.735850387,-553.382922279
207,0,0,0.0347472816891,-57.8484628065,-2.82867970706
208,2.36934830009,1.93853128714,2.8643552653,-565.250996797,-535.732416151
209,1.29136587472,0.995570772393,1.64226988908,-354.781548322,-352.923142986
210,0,0,0.0354611385114,-56.3838426668,-2.5513239783
211,0.0742287404347,0.0230455280382,0.172543001072,-75.5767305655,-36.3894366622
212,0.588504392207,0.40450691007,0.821747765591,-200.793063213,-195.600934277
213,0.222877960823,0.119361113004,0.37433421675,-111.910524711,-88.2913829894
214,3.7661268826,3.16112276466,4.45667101494,-752.581416703,-669.354816175
215,0.0185064462245,0.00105623852062,0.0815161982601,-60.677816413,-11.9670484549
216,0,0,0.0347472816891,-57.8484628065,-2.82867970706
217,1.71338332295,1.36333797366,2.1206225801,-445.569377673,-435.850857843
218,0.0179321994613,0.00102349775363,0.0789743903624,-63.392441303,-12.866953344
219,0,0,0.0344669458146,-58.4674966399,-2.96696035434
220,0.146846584382,0.0670822559223,0.273517870617,-93.5936585804,-62.6662702248
221,0.265623979103,0.149570492298,0.430348262454,-120.755505338,-100.732941301
222,0,0,0.0342364519925,-59.0012471206,-3.09906640168
223,0,0,0.0354365413831,-56.4321126316,-2.55954116023
224,1.12918740067,0.859279075761,1.45171799336,-325.018830906,-324.620764544
225,0.0556229774506,0.0138352597247,0.144312877535,-70.5753414197,-28.6172486005
226,0,0,0.0343985227414,-58.6233685733,-3.00420860822
227,0,0,0.0346549462698,-58.049111549,-2.87190705555
228,0.206278819916,0.10706328851,0.353626619517,-110.713494578,-85.9803340753
229,0.0182445825261,0.00104130681646,0.0803566193695,-60.9927895718,-11.4674056931
230,0.244255681082,0.134348477273,0.402214721353,-116.18608798,-94.3640850421
231,0.163657864369,0.0786144959527,0.295193816832,-100.621694474,-71.091766404
232,0.594469225279,0.408395220886,0.830141371794,-200.369138766,-195.397513446
233,0.105944730883,0.0421039521859,0.214736126835,-87.858868815,-50.8025553151
234,0.391578608806,0.246885745662,0.584353439126,-165.902031154,-153.072898964
235,0.352907710622,0.216916954176,0.536711100835,-146.464549377,-131.531944717
236,0.217699295152,0.116546858489,0.365333653394,-120.814750814,-96.1291002004
237,0.276287261957,0.158905870758,0.440960311104,-130.39596828,-110.5365658
238,0.622584851603,0.433133312253,0.861048972857,-217.841308073,-213.517867669
239,0.0177900971508,0.00101539842861,0.0783453828469,-63.2938400107,-12.2960219632
240,0.537925100624,0.364847814188,0.758940197456,-215.744442264,-208.86979044
241,0.461373702953,0.076476207585,1.43746553909,-16.0567486185,-15.2799959234
242,2.40096328377,1.06117497961,4.76437332583,-44.5407918682,-42.3626453603
243,0.71813580695,0.17787161066,1.88273654264,-19.9808706787,-19.8000567615
244,0.677860831559,0.16815883283,1.77019164994,-22.768691062,-22.5121852817
245,0.675361963921,0.47501588821,0.926068796111,-222.913456751,-219.863422955
246,0.973054660327,0.726540407213,1.27077317513,-305.055987524,-305.037400418
247,0.763804643995,0.550174351587,1.02735164446,-253.842184129,-252.268966026
248,0.470011274157,0.308867663378,0.679932014341,-184.141598977,-174.905822781
249,0.239491160737,0.131672575946,0.394582995932,-120.274023298,-97.7435009202
250,0.238444952383,0.131106017734,0.392821253769,-120.296775952,-97.5665401257
251,0.819763894078,0.595198928505,1.09555592156,-248.439474799,-247.564700489
252,0.0177103924891,0.00101085453611,0.0779928033901,-63.8002831267,-12.5367499991
253,0,0,0.0358387930145,-56.4703036141,-3.07129723036
254,0.127073906857,0.0545851940396,0.245877926559,-90.3202905814,-56.8600418484
255,0,0,0.0344669458146,-58.4674966399,-2.96696035434
256,0.0370323077122,0.00615658617549,0.114408449482,-66.5087811839,-21.4157815854
257,0.0178534868204,0.00101901081037,0.0786259878736,-63.7176601412,-12.9322403974
258,0,0,0.03495413518,-57.4092454469,-2.73887130427
259,0.954153864908,0.70808378256,1.2523981111,-290.402604042,-290.349521127
260,0.884092836082,0.649515641834,1.17025939896,-281.604489482,-281.252603749
261,0,0,0.0344779763627,-58.4425571997,-2.96109680489
262,0.0360057913863,0.00598632326999,0.111213866784,-67.3142527993,-20.6364650998
263,0.186366512502,0.093351703311,0.327047561109,-109.944777514,-83.2256030844
264,0.254078039646,0.143047036092,0.411563830094,-131.384602851,-109.585824989
265,0.610145212544,0.419295984256,0.852130757315,-196.841639467,-192.398780364
266,2.04422706054,1.6511343615,2.49884017407,-506.846247535,-488.188343695
267,0.755909865322,0.542125675986,1.02030859401,-235.002431341,-233.34119709
268,0.127155677208,0.0546200953372,0.246051559058,-87.1906850497,-53.7635963599
269,0,0,0.033963806438,-59.6697130726,-3.28483416645
270,0,0,0.0347963216409,-57.7430903087,-2.80654857678
271,0.643819112716,0.447683883811,0.890953707444,-207.092034417,-203.420132643
272,0.037481100327,0.00623166853689,0.115773978926,-64.0657314393,-19.4643638111
273,0.150475885181,0.0687311731262,0.280337017602,-88.7195536942,-58.9637086102
274,0.284106279568,0.163360295227,0.453638385816,-130.71560914,-111.982580132
275,1.24193925226,0.953949770512,1.58415965189,-361.754813254,-360.441206353
276,0.277677631077,0.159702615559,0.443190883977,-124.552530478,-104.892283051
277,0.238438965546,0.131099742391,0.39284946805,-123.732333055,-101.008371415
278,0.446499841984,0.287699287825,0.655113940328,-164.022145737,-154.124477477
279,0.161724106243,0.0776924045977,0.291665125029,-101.439386935,-71.3202990405
280,0.65295237665,0.456773193787,0.899129146825,-217.019035107,-213.479967682
281,0.0369756752823,0.00614722094294,0.114233353165,-66.5147942658,-21.3389406124
282,1.04112523243,0.784115959718,1.35017465483,-318.429062751,-318.38718941
283,3.62029691313,3.02052092624,4.30991300047,-725.682635425,-651.031148733
284,3.58295993787,2.99792169492,4.25262628718,-746.155154128,-670.736566074
285,2.29619509298,1.87254226116,2.78436895329,-561.676295879,-534.856787705
286,2.88383198147,2.38153153444,3.46143519659,-624.983874,-577.926319486
287,0,0,10000,-2.82867970706,-2.82867970706
288,85.8621064061,0.146447076694,10000,-7.01746223129,-6.60931538157
289,77.649804317,0.145313634005,10000,-6.1506961245,-5.74254927478
290,77.858973473,0.145298741505,10000,-5.97136598046,-5.56321913074
291,77.649804317,0.145313634005,10000,-6.24608455566,-5.83793770594
292,77.6670442129,0.145312400064,10000,-6.55924906611,-6.15110221638
293,77.649804317,0.145313634005,10000,-6.21831538435,-5.81016853463
294,77.649804317,0.145313634005,10000,-5.78815053508,-5.38000368536
295,77.6591043412,0.145312968215,10000,-6.39529532782,-5.98714847809
296,77.6670442129,0.145312400064,10000,-6.65994137051,-6.25179452079
297,74.690015432,0.145539707505,10000,-6.67412563504,-6.26597878532
298,3.77482938662,3.17339695198,4.46037646259,-761.159022091,-676.52080778
299,2.7611416846,2.28181012111,3.30982955516,-620.640286122,-576.95592116
300,0.297157692418,0.174181790391,0.467899778563,-136.340341112,-118.065826571
301,2.1211825901,1.7188847535,2.58568938988,-509.533738739,-488.476177648
302,1.01170677218,0.757252880303,1.31876086278,-300.609532967,-300.60614953
303,0,0,0.0335177202948,-60.8950869594,-3.70213090875
304,0,0,0.03495413518,-57.4092454469,-2.73887130427
305,1.20312844239,0.923965230331,1.53476112107,-365.75327974,-364.787427375
306,0,0,0.03495413518,-57.4092454469,-2.73887130427
307,2.30453826166,1.88279218302,2.78911851521,-557.853201926,-530.428097238
308,0.190169216847,0.0952706272644,0.333751775893,-98.2980410245,-72.4662376514
309,1.52670393957,1.20352788449,1.90482558203,-422.071572746,-416.321729726
310,0,0,0.0345005390331,-58.3917028234,-2.94922063088
311,0,0,0.0347472816891,-57.8484628065,-2.82867970706
312,0.0563347216004,0.0140138451262,0.146124682876,-68.1081203668,-26.6521393994
313,0.112156734504,0.0445597178371,0.227440713977,-84.8229048416,-50.7395774185
314,0.594469225279,0.411067830802,0.825505157638,-231.172150972,-226.018482871
315,0.296719196225,0.173925803524,0.467205549909,-132.657976773,-114.327073084
316,0.350929764285,0.215710097474,0.533673126111,-149.147915827,-134.013656461
317,0.0360505629713,0.00599375962568,0.111352519635,-66.7301921289,-20.120541308
318,0.530496046267,0.357130284567,0.752917074199,-182.130121719,-175.166529443
319,0.0743541392295,0.0230759475987,0.172835660307,-73.9450811431,-34.8442090143
320,1.73136282338,1.37596619661,2.146052191,-432.536467813,-422.551108336
321,0.0928833427735,0.0332957018961,0.199777324937,-80.6762579989,-44.0208743678
322,0.758236927921,0.546283969603,1.01957265663,-258.675980959,-257.008726918
323,1.70053676624,1.34921560697,2.11114358218,-434.416647563,-425.15224713
324,1.32400941893,1.02789530402,1.67350886795,-396.502888155,-394.163927289
325,0.438598153689,0.282589907395,0.643978251895,-161.63224,-151.266609146
326,0.404795327,0.258187243567,0.598757863581,-164.862718239,-152.490989093
327,2.04704368682,1.65600067354,2.49850952234,-512.031835839,-493.060252578
328,0.779471055704,0.519596281447,1.11418352796,-162.268529928,-161.366209287
329,2.43682411086,1.90678543744,3.06597956845,-391.231712337,-370.008498025
330,4.45552085937,3.60868150289,5.45981998896,-550.763338542,-477.877043629
331,3.52025330457,2.81081013216,4.36492212876,-473.540956258,-426.571118148
332,127.0,1.53832212115,10000,-27.7881972772,-24.5064572876
333,2.12771620399,0.502995043722,6.5779523079,-18.4311518779,-17.8129221393
334,7.74729005573,2.24962230337,10000,-27.8978012375,-22.6873538178
335,4.28590348434,1.36022128638,10000,-25.4401709943,-22.4966608263
336,1.26639636007,0.202475103008,4.4640619221,-14.0570771083,-14.0096894599
337,0.689686296341,0.0391003061039,3.13444574618,-8.527125406,-8.45023760278
338,1.53771906302,0.25062987478,5.11394807948,-11.9013191502,-11.7461368388
339,1.70756949216,0.0961638087013,8.16268509136,-8.25566602514,-8.13746398229
340,0,0,2.76898918815,-3.66186630138,-2.96109680489
341,1.72449985207,0.09703381167,8.37936668925,-7.8510330584,-7.72880744777
342,1.70756949216,0.0961638087013,8.16268509136,-8.02794482451,-7.90974278167
343,127.0,2.49378682858,10000,-16.1838680822,-12.1092075989
344,1.70537478422,0.0960579901185,8.13752470144,-7.82119862709,-7.70348501088
345,1.73868736029,0.0976136575704,8.53491518043,-7.36010194391,-7.23517775612
346,4.12580719209,3.47300706304,4.87300093944,-799.889724316,-702.051297751
347,0.44941726363,0.292540898804,0.65458339834,-168.179900418,-158.049770314
348,3.49024328035,2.91411833452,4.1504365561,-731.891445764,-660.99037996
349,2.78852101669,2.2995060666,3.34956380771,-602.939013193,-559.384489046
350,2.55351283953,2.09549434928,3.07932604064,-581.342863732,-546.060082727
351,0.380382104576,0.209013314633,0.627314465047,-93.2628917715,-84.7466833846
352,3.19989015024,2.54084609837,3.97758514865,-419.462014966,-381.111715112
353,0.695455321075,0.443221178782,1.02983081131,-136.40489682,-134.777707637
354,0.616555586791,0.383683375304,0.929660195563,-126.405912511,-123.672817347
355,0.774674088777,0.50333184277,1.1309746712,-146.172849035,-145.333834743
356,0.148564649724,0.0532485870696,0.319603179223,-58.4923859094,-39.508276454
357,2.42610343614,0.116396837671,25.7556646015,-6.44620782884,-6.20823144501
358,4.03404017393,0.588117086878,34.7644617876,-10.8734106363,-9.7602814129
359,4.02546461967,0.587395189792,31.3684486111,-10.2076932411,-9.09636828
360,1.27840072909,0.0704292552138,8.86869184336,-7.86381163413,-7.83801424511
361,2.57806265271,1.81841047493,3.54246444119,-200.601677781,-188.596447374
362,1.66997968314,0.0877440116659,10.3004161986,-6.62953284043,-6.5313783764
363,77.6670442129,0.160507908005,10000,-6.48577251518,-6.02336126202
364,0,0,2.31541029524,-3.87666282567,-2.96696035434
365,1.21468829064,0.0642248187602,10000,-8.5416255128,-8.52687483036
366,216.029784625,1.22253951844,10000,-11.1593595666,-8.96898338361
367,5.33200846989,0.659631086158,10000,-11.6969855613,-10.4006805344
368,1.70706621897,0.0894967984362,10.6368517351,-6.81903909523,-6.71371390409
369,1.70706621897,0.0893250918143,10.6370234417,-6.72984934589,-6.62452415475
370,0.625263505341,0.435060193052,0.864526871241,-215.358504412,-211.113631265
371,0.908214535701,0.669303659883,1.19900227846,-264.704532999,-264.487328865
372,0,0,0.0344669458146,-58.4674966399,-2.96696035434
373,0.874979486567,0.640620433724,1.16133806109,-258.269896262,-257.863427607
374,0,0,0.03495413518,-57.4092454469,-2.73887130427
375,1.27898651168,0.988551155848,1.62269932258,-377.334038736,-375.574789764
376,0.0182094695563,0.00103930106716,0.080201551351,-63.0875292313,-13.4571045869
377,3.10580186436,2.58479294641,3.70065892128,-671.127205339,-613.958011514
378,0.219930809714,0.117710190485,0.36911717142,-112.928538367,-88.7001575239
379,1.53175530849,1.20756455734,1.91130496373,-408.44738113,-402.616659556
380,1.35274604412,1.05161453591,1.70801203694,-383.106359096,-380.382951745
381,0.0543026842217,0.0135078695151,0.14087172964,-72.8023659826,-29.5277922984
382,1.68609295649,1.33826839661,2.09214260104,-426.399157576,-417.385530032
383,0.985747989813,0.735874528158,1.28766597191,-296.849079249,-296.843975705
384,0.264127438929,0.148685039166,0.428127576907,-123.028578314,-102.862998636
385,0.26494266838,0.149140402222,0.42946341825,-126.494096869,-106.452546862
386,1.8097494532,1.44691960235,2.23123888568,-458.857982827,-446.747123551
387,1.65550752649,1.3123576999,2.05609676165,-424.491920917,-416.140815733
388,1.54537122549,1.21755185651,1.92945973729,-421.538787369,-415.500192521
389,1.29510875087,0.998119318031,1.64799745592,-355.652815825,-353.760348738
390,3.83316326175,3.21976801166,4.53513546564,-770.6440661,-684.262326277
391,1.31853785508,1.02082678786,1.67074293737,-366.42731665,-364.198542418
392,0.940666059342,0.697833546358,1.23512261761,-286.570661436,-286.480317652
393,0.242305799707,0.133216045056,0.399288254439,-118.560123943,-96.5203641593
394,1.30303226584,1.00740079013,1.65285350934,-384.011882192,-381.983944871
395,4.63701806528,3.91178057563,5.47783023891,-878.185138154,-759.794681056
396,0,0,0.03495413518,-57.4092454469,-2.73887130427
397,3.85453724135,3.24135658774,4.55423200812,-773.57355077,-685.827890175
398,1.05989944796,0.797731225234,1.37552704723,-318.546881347,-318.460581813
399,4.01831946052,3.37732246518,4.75298648175,-778.853983387,-686.03673387
400,0.762819653172,0.547364651199,1.02966579706,-259.701778612,-258.15319814
401,0.145248817373,0.066355734925,0.270519471632,-98.0379759991,-66.5769856514
402,3.26253195725,2.72194283364,3.87919913325,-688.193220943,-624.941717447
403,1.88306919635,1.51463880404,2.30980207617,-507.841737712,-493.455696631
404,0.29695528022,0.174078257288,0.467523528189,-130.022717408,-111.702684748
405,0.170224385958,0.0817704429369,0.307027315425,-92.0617717191,-64.2733091785
406,0.0723664221639,0.022461497344,0.16817962059,-75.5767520085,-35.0146551405
407,0,0,0.03495413518,-57.4092454469,-2.73887130427
408,0.726338383758,0.518804334007,0.984314744671,-232.405998611,-230.267395628
409,0.364284166419,0.223923969071,0.554000749234,-149.124841853,-135.249483196
410,0.164217098908,0.0788820528146,0.296208142759,-100.512826267,-71.1436831047
411,0,0,0.0343985227414,-58.6233685733,-3.00420860822
412,0.131225226969,0.056358405651,0.253987607278,-89.7821402874,-57.9285621031
413,0.854794324306,0.62487372364,1.13602699598,-262.818960527,-262.258774435
414,0.332498675827,0.201331152711,0.510768522605,-147.656821088,-131.444613531
415,0.612127245555,0.423515901669,0.851047452915,-206.328729566,-201.816750086
416,1.46091110196,1.1440011555,1.83338137669,-390.801783354,-386.373859812
417,0.861550308691,0.630481133407,1.14403939422,-262.7611148,-262.254124863
418,0.647167969464,0.44996447132,0.895748668143,-214.393910096,-210.817418578
419,3.25928260693,2.71839655633,3.87703423655,-690.184079021,-627.133178163
420,4.06051624218,3.40159200813,4.82642081919,-800.922962747,-707.737090336
421,0.747411292332,0.533334346253,1.01313373996,-242.763085996,-241.011432982
422,0.0732103153421,0.0227305957114,0.170157628411,-76.6402656247,-36.7140605194
423,0.0881507611473,0.0316070802013,0.189502373162,-84.7384070167,-45.2689204508
424,3.40031766391,2.85001913189,4.02599168715,-739.594972204,-669.066561779
425,1.15079217013,0.875385556177,1.480192843,-336.163849407,-335.636628123
426,3.71644565074,3.11480203817,4.40516627058,-772.104804847,-690.949312441
427,1.53683091233,1.21128334982,1.91816812072,-426.221498584,-420.31567208
428,3.82629826432,3.21167118996,4.5305870359,-768.674073772,-682.819608417
429,0.0742408634139,0.0230408471526,0.172571553825,-76.5385525022,-37.3603378528
430,2.62490589778,2.16148712701,3.15604649382,-595.309911034,-556.869103801
431,3.62434080179,3.04146420386,4.28901209448,-753.366713766,-674.716504256
432,0,0,0.03495413518,-57.4092454469,-2.73887130427
433,0.764322369264,0.547936214816,1.03214310664,-234.162186826,-232.640328737
434,4.32027862133,3.64539077445,5.09488728224,-828.447801434,-721.736172177
435,3.68046041023,3.08300348006,4.3658779229,-741.480609735,-661.880243117
436,0.859144061176,0.628737273766,1.14088844801,-265.339974882,-264.813158996
437,0.108394334091,0.0430730527085,0.219739758201,-87.4116419345,-51.5655612155
438,4.1099041023,3.4581769172,4.85797378945,-799.720373853,-702.621269097
439,0.405974970976,0.258960889289,0.600436245654,-161.530599526,-149.240937342
440,0,0,3.55324313508,-3.55620237678,-3.00420860822
441,0.875283885083,0.638158525862,1.16573743982,-257.157045268,-256.762642789
442,0,0,10000,-3.00420860822,-3.00420860822
443,0,0,10000,-2.96696035434,-2.96696035434
444,0,0,10000,-2.73887130427,-2.73887130427
445,0,0,10000,-2.96696035434,-2.96696035434
446,0,0,10000,-2.55954116023,-2.55954116023
447,0,0,10000,-2.5513239783,-2.5513239783
448,0,0,10000,-2.80654857678,-2.80654857678
449,0,0,10000,-2.55954116023,-2.55954116023
450,0,0,10000,-2.96696035434,-2.96696035434
451,77.649804317,0.111129673704,10000,-6.14703643875,-5.87611566376
452,77.649804317,0.111129673704,10000,-5.89354198365,-5.62262120866
453,1.37110327101,1.06106293399,1.73852670804,-364.409554136,-361.55202875
454,4.28151038643,3.59859685391,5.06895509552,-804.366301077,-702.46716578
455,2.49217896329,2.03226986786,3.02264155237,-563.929934331,-532.228388766
456,3.27299223639,2.72590143302,3.89684557493,-653.396811505,-591.245025965
457,5.50699823007,4.60704712657,6.57096529469,-847.181667891,-712.928779511
458,6.05309211155,5.02423527341,7.30933097681,-834.756650247,-691.10237063
459,3.73215025021,3.05830652834,4.51587888519,-575.927756036,-511.725986281
460,2.10996611686,1.65462539624,2.64515263836,-379.908968082,-364.154091881
461,4.20474527127,3.41677867741,5.13960577358,-559.515520788,-489.023872647
462,3.93299014792,2.79646921689,5.56467847849,-239.548272131,-212.964124607
463,7.39761515514,4.22755641833,17.5857549349,-153.842292319,-125.859822673
464,3.12304712438,1.89202953497,5.18321934469,-110.890821848,-101.975570792
465,3.6313422633,1.86339296493,10000,-77.3575971607,-70.3674436044
466,216.029784625,1.97303393626,10000,-54.8012685795,-48.960297587
467,216.029784625,2.81639785803,10000,-46.6378969686,-38.9661129129
468,77.8584081746,1.17231346123,10000,-35.5148039039,-32.9531015627
469,4.07510719277,1.32177084504,10000,-35.1705828456,-32.0718244432
470,85.8621064061,1.51017815999,10000,-29.2631313576,-25.7857542043
471,77.649804317,1.23097565614,10000,-26.1971185639,-23.6068780146
472,77.8309462763,1.31008992592,10000,-20.2305778322,-17.5219117054
473,85.8621064061,1.3026160166,10000,-20.4831170722,-17.7744509455
474,77.649804317,0.709391092709,10000,-13.464865639,-12.1946061164
475,77.8608496317,0.709392540506,10000,-12.9461030457,-11.675843523
476,85.8621064061,0.470299125914,10000,-9.27135165447,-8.41438808565
477,77.6584233203,0.459474405312,10000,-9.53987154785,-8.68290797903
478,0,0,1.19060473184,-4.6917559093,-3.07129723036
479,77.8325076539,0.459461203916,10000,-9.94731534485,-9.09035177604
480,77.8629165176,0.459459137896,10000,-9.84928976013,-8.99232619131
481,0.783028591436,0.0427931253988,10000,-7.45518143425,-7.42697847421
482,0.765207388544,0.0410857838105,10000,-7.9865588448,-7.95490769078
483,85.8621064061,0.470299125914,10000,-9.59567264636,-8.73870907754
484,77.8584081746,0.459459439671,10000,-10.1284155757,-9.27145200684
485,77.8584081746,0.459459439671,10000,-9.61635273433,-8.75938916551
486,72.1635263549,0.462113600355,10000,-9.90117765217,-9.04421408335
487,77.8309462763,0.459461311933,10000,-9.36940333044,-8.51243976162
488,85.8621064061,0.470299125914,10000,-9.53001860256,-8.67305503374
489,85.8621064061,0.470299125914,10000,-9.47074182928,-8.61377826047
490,85.8621064061,0.118809799827,10000,-5.8248967267,-5.52650151456
491,77.858973473,0.117275813534,10000,-6.53245000947,-6.23405479733
492,77.858973473,0.117275813534,10000,-6.53245000947,-6.23405479733
493,77.6536076235,0.117253966428,10000,-5.81903317725,-5.52063796511
494,77.8584081746,0.117275752327,10000,-6.28501305253,-5.98661784039
495,77.649804317,0.117253569151,10000,-5.59680767664,-5.2984124645
496,77.8584081746,0.117275752327,10000,-5.79893982132,-5.50054460918
497,77.8571269829,0.117275613631,10000,-6.14277053882,-5.84437532668
498,77.649804317,0.117253569151,10000,-5.92923360273,-5.63083839059
499,74.690015432,0.113519555977,10000,-6.11001478908,-5.81161957694
500,0,0,1.62899583896,-4.43809140668,-3.19468155496
501,77.6516446285,0.117253761349,10000,-6.35263231238,-6.05423710024
502,77.649804317,0.117253569151,10000,-6.96216793334,-6.6637727212
503,77.8584081746,0.117275752327,10000,-6.02020638628,-5.72181117414
504,77.649804317,0.117253569151,10000,-5.92923360273,-5.63083839059
505,0,0,10000,-2.73887130427,-2.73887130427