site,MLE,Lower,Upper,LogL_global,LogL_local
1,0,0,1.12405269558,-5.04439064115,-3.33055581465
2,30.5219170949,0.453184028032,10000,-11.6242458001,-10.7329628217
3,9.24239392878,1.00447111784,10000,-13.6594439463,-11.7309663293
4,0.590698994254,0.033197122556,2.99478234552,-9.85902930135,-9.70302989706
5,0.574470518393,0.0321081788686,2.87986888883,-7.94172328045,-7.76842207438
6,0,0,0.963083161468,-5.89872265169,-3.90589170584
7,4.77185541099,0.86188930956,10000,-13.1285299294,-11.522909264
8,0.399398800061,0.0222906136007,2.04706256713,-7.17294689548,-6.65017680169
9,0,0,0.963083161468,-5.89872265169,-3.90589170584
10,0.856788562739,0.0550140064083,3.84926219719,-8.16094891019,-8.14631825049
11,0.973909716387,0.0588804887144,4.75147721804,-10.5974692117,-10.5970936172
12,1.94385128464,0.32382851992,10000,-10.0786815873,-9.74668502523
13,0,0,1.22233952622,-4.92548140986,-3.34907920215
14,0.578206495204,0.0315747432159,3.45912282093,-8.2048484024,-8.04941442807
15,0,0,1.16014909885,-4.54536363172,-2.88262537929
16,130.898309613,1.4484203098,10000,-13.8735573714,-11.047503882
17,79.2120140957,0.290612726576,10000,-8.44516237265,-8.0321989394
18,0,0,3.15577895895,-3.44219454049,-2.66628512982
19,79.848666914,0.501698678906,10000,-6.74940286992,-5.65535717094
20,0,0,4.50688082488,-3.45315241077,-2.96673886059
21,79.8462411212,0.892986108424,10000,-7.8123876363,-6.07006575233
22,5.55640327023,0.132501282736,10000,-5.77188047721,-5.41494712956
23,13.9064243823,0.55439793148,10000,-7.0115481607,-5.72867934637
24,0,0,2.11208574352,-3.96174984442,-2.85696130923
25,8.72369238797,0.309614504871,10000,-6.17073050406,-5.32224252048
26,130.898309613,1.74825453065,10000,-17.9143140949,-14.469109103
27,0.459039404446,0.029672747923,2.04792244766,-7.75054641309,-7.31597069692
28,0.79162555026,0.149347864437,3.08053827287,-11.1187357853,-11.061567035
29,1.28376693875,0.178969034582,6.13505899187,-12.0693271347,-12.02886451
30,0.523139192869,0.0287662854291,2.69875293446,-7.34103046672,-7.11040355385
31,8.45865426105,1.6410429493,10000,-17.7617755609,-14.3711617566
32,2.35229014953,0.561482806986,10000,-13.2000021193,-12.4530359828
33,0.500274323895,0.0319320223208,3.36920261688,-10.1250567074,-9.84300599589
34,0,0,0.840415645342,-5.2354863305,-2.96673886059
35,1.39828043865,0.268019512909,10000,-12.8778031879,-12.7831451244
36,1.02352923597,0.197754640952,4.25229538353,-11.3506526935,-11.3501086812
37,0.285479629821,0.0155593814867,1.39570639578,-9.56630373525,-8.50004329709
38,1.26692116755,0.235013908426,10000,-13.731436529,-13.6817322528
39,0.436559175236,0.0722837993534,1.44975782199,-11.9656955812,-11.1207242923
40,1.19816830756,0.285888153827,3.80713431659,-14.5450608261,-14.5068982878
41,0.917494091393,0.279591881755,2.52502794468,-19.5674880939,-19.5538512012
42,0.733415611397,0.228230596091,1.75953404713,-19.1518029798,-18.9444928315
43,1.69647507352,0.624392755175,6.85231958129,-31.3944225081,-30.8505851763
44,1.28648597473,0.523769749807,3.12566042196,-30.6353348686,-30.4665640022
45,5.96698601517,1.90414877273,10000,-45.432364994,-40.6754102998
46,2.22663087656,1.02031540227,4.76131481575,-41.0863141871,-39.0716647993
47,4.08299048556,1.42832805953,20.8921227907,-49.0811161869,-45.492193103
48,7.55081724693,1.69711579486,10000,-53.3911067297,-49.3041587744
49,2.45917635789,1.16819701104,4.91238916175,-48.1018117549,-45.3554209646
50,3.7938557663,1.68208805379,11.6580984055,-53.9771735367,-48.7454591408
51,4.78797127955,1.84920145177,10000,-56.0791090581,-50.5311791029
52,46.4015715929,2.05626071139,10000,-60.7587758259,-54.9518685433
53,39.5982122141,2.75613932239,10000,-67.5885231233,-58.9013046793
54,3.00954532238,1.38862934295,11.0181274792,-64.7162764759,-60.891553431
55,2.31607109535,1.27110249354,4.06253833631,-72.4436772428,-68.8056273888
56,2.725116396,1.64088271651,4.49337622628,-103.119523453,-96.1825838899
57,4.31470527917,2.59074884974,7.13189119163,-129.225075397,-114.353588963
58,5.18847830552,2.98370891642,8.50321804745,-168.310663258,-148.564669588
59,2.14149521916,1.50138020277,2.97332166417,-185.393649159,-177.424961697
60,1.3556434172,1.02080047808,1.76335547427,-288.772340028,-286.575226657
61,2.12023616036,1.7011678669,2.61156219947,-483.406980143,-463.973202449
62,1.0959188291,0.162297931692,10000,-10.3308914002,-10.3256176447
63,130.898309613,0.125145026843,10000,-15.2813799848,-14.7877998158
64,21.2358665771,1.386382057,10000,-16.6889889723,-14.102815189
65,1.45283752558,0.315854979447,10000,-12.1280890327,-12.0006470455
66,19.9643932782,0.795953436124,10000,-15.8166532585,-14.41332036
67,2.32966347086,0.736572459226,7.8243266448,-21.6406201482,-20.5691022735
68,1.97582260841,1.59172871271,2.42566888383,-501.205379402,-484.320675637
69,1.60478926518,1.29845093924,1.96223599288,-530.351094808,-521.408495275
70,1.25453548114,0.995881177139,1.55717208465,-465.495567963,-463.640646851
71,0.361853210787,0.249934606855,0.50371374669,-225.278839384,-202.225891819
72,0.773797302226,0.584085305849,1.00284131211,-320.190975569,-318.312538472
73,1.45178957295,1.16344423821,1.78827721664,-489.051066611,-483.834885797
74,0.876509820835,0.678215524906,1.11190237674,-354.619902506,-354.049052864
75,1.03596172471,0.803458599971,1.31139588973,-378.891307871,-378.851643607
76,0.96464893156,0.76880994097,1.19320252702,-405.717277937,-405.665055969
77,2.33389882435,1.90420999916,2.83080798971,-592.57176367,-564.470185754
78,0.618715911422,0.46378068807,0.805952741148,-321.717452777,-314.911609989
79,0.429517164125,0.290190521783,0.607488704938,-258.232842075,-244.565250626
80,1.89852161194,1.55031639685,2.30338825424,-544.48073604,-527.304216734
81,0,0,10000,-2.79839586171,-2.79839586171
82,2.45947500651,2.02884555443,2.95919712457,-652.713681322,-617.345396586
83,0.343143666553,0.237179160454,0.476142724875,-242.366500224,-215.125401127
84,0.795392573807,0.599653852831,1.03092180722,-374.525565878,-373.043089776
85,0.331524436348,0.236384476794,0.44986174496,-237.521272497,-204.302864371
86,1.74540055513,1.4104407182,2.13597319494,-563.233734214,-551.261157429
87,0.66740810574,0.493847573413,0.877710770196,-311.57256271,-307.194027022
88,0.712036793017,0.557729130825,0.893702114978,-379.685563624,-375.243244127
89,0.393953671611,0.258712632348,0.570061569814,-215.846839697,-200.885811947
90,0.0476416140044,0.0147839428412,0.110852781565,-101.288965678,-35.4442486823
91,0.664568616639,0.498979956361,0.863415381257,-335.209037837,-330.289657192
92,0.168088248789,0.0841521260261,0.295302803656,-105.923610202,-74.8155978105
93,0.0354936455707,0.00882505053368,0.0921713279453,-98.4345228849,-28.9709097146
94,0.0806535334922,0.0322979168046,0.161890627764,-116.261631964,-60.4407148028
95,0.108150227767,0.047264366634,0.205266386034,-116.888562182,-70.7751763697
96,0.34332116238,0.23499312337,0.480960995279,-221.608803239,-196.553896646
97,0.103996226601,0.0520534280224,0.182706055039,-141.720976935,-79.8845282242
98,0.52203622529,0.365501874849,0.718553090678,-236.338054031,-227.420610719
99,1.24505418789,0.993029743039,1.5391939672,-457.263245973,-455.455745595
100,0.492299791369,0.356465696307,0.659399631408,-269.619369287,-256.585783878
101,0.69404908903,0.511169828025,0.916218207218,-312.744116937,-309.320770194
102,0.474625284611,0.335069131152,0.649406692224,-240.565351755,-227.994918856
103,0.675146370124,0.494970674294,0.895202875734,-325.466974478,-321.601335425
104,0.696736203053,0.517384579743,0.914983548809,-326.774802466,-323.287567109
105,1.48277072033,1.13227309862,1.90515590215,-324.315092151,-320.361643835
106,1.84999115839,1.5087198258,2.24511370314,-550.835282516,-535.180528037
107,1.56391771655,1.21087849196,1.9831751814,-377.749309403,-372.2066367
108,1.97726467421,1.60868376304,2.40681334822,-612.165007619,-593.573924043
109,3.29407059638,2.74059714406,3.94431448332,-743.497382632,-677.978779175
110,2.67556353034,1.95370701289,3.59601579243,-268.063445989,-251.905807122
111,18.6727834342,3.12800272443,10000,-24.0870662583,-18.9483522455
112,0.507676810945,0.0457145467657,2.93590679026,-6.60204102735,-6.30962448267
113,0.989784533055,0.786802351056,1.22687795893,-494.269814443,-494.265682865
114,2.08931908029,1.71194818882,2.52458253588,-596.076321807,-573.338378905
115,0.316398437085,0.197084772054,0.476429209105,-178.934973387,-158.917864138
116,0.690540023076,0.54029966444,0.867807709283,-376.442990946,-371.17763068
117,0.55100816957,0.367154159748,0.787679518898,-181.746762088,-175.926247378
118,0.220544566354,0.144725198012,0.319447363726,-206.386063542,-157.673940076
119,0.0717654035894,0.0285136142744,0.145521340302,-118.830697844,-57.7792014839
120,0.0622307186807,0.0223165542761,0.133760738204,-113.688126425,-52.505694965
121,0,0,0.0261759447996,-75.4467815214,-2.88262537929
122,0.114005282551,0.0520731786071,0.212395351539,-106.774949734,-62.5183279463
123,0.570594445665,0.428821757048,0.741713580101,-295.252555252,-285.575320297
124,0.308284292236,0.202091479214,0.447143563082,-194.518406362,-168.939513039
125,0.211081559405,0.125977102858,0.328109466031,-156.698200834,-120.266776397
126,0.485577486023,0.326071881028,0.68963352731,-228.132386774,-218.800510454
127,0.361201484933,0.243287474514,0.512706482177,-216.460129787,-195.901460858
128,0.0116725235283,0.000666101128602,0.0514393450105,-89.0936996724,-10.7941571593
129,1.03971453771,0.813920894087,1.30620736672,-398.118011305,-398.066358558
130,0.463607011745,0.327135386311,0.634614478538,-249.805882633,-236.385910613
131,0.663974912346,0.479678016709,0.890329125053,-297.51100414,-293.613359218
132,0.493294965967,0.350370878678,0.67135787508,-260.639403196,-249.06854457
133,0.188399169294,0.0977505493768,0.323046942723,-128.995418464,-100.336627369
134,1.07521513349,0.831039871734,1.3640902863,-392.720935933,-392.559493953
135,0.3578430239,0.240071540236,0.506380307674,-238.67069962,-216.557916588
136,0.0874680265204,0.0376146796032,0.169023411273,-121.899928419,-66.4000233043
137,1.66363001515,1.3342341579,2.0480640445,-491.078724619,-481.641415703
138,0.696733953904,0.527470070393,0.899566952447,-371.894213924,-367.918028158
139,0.360138411233,0.242100890799,0.512153827729,-199.973124554,-179.545448687
140,0.227040368697,0.147835998524,0.331023646271,-203.197417295,-158.186643266
141,0.440458471929,0.309685732153,0.603580944685,-275.261228579,-259.728295734
142,0.561012155774,0.392451441864,0.772981380198,-239.47553148,-232.661152316
143,0.256781992532,0.16009523256,0.386530282392,-172.333718821,-142.188907255
144,0.0712341909506,0.0284416085696,0.14351528399,-122.447948311,-58.4796351485
145,0.238470838596,0.145439794624,0.364484715964,-168.343475246,-136.287087372
146,0,0,0.0225685125964,-85.6685938786,-2.66628512982
147,0.0409314363073,0.00680530634034,0.126433703839,-61.6345261673,-21.3583715535
148,0,0,0.0225685125964,-85.6685938786,-2.66628512982
149,0.253759486893,0.159733528359,0.379568600368,-181.907565751,-150.185801163
150,0.640123950005,0.489206400197,0.820060393968,-334.01283911,-327.368225559
151,0.0606602639432,0.021747841369,0.130432400919,-112.813476057,-49.9800633981
152,0.122649450069,0.0589558458136,0.221059203691,-130.235246536,-85.1151361861
153,0.455775212385,0.316136953863,0.631510850517,-255.333836476,-242.200589198
154,0.110809191586,0.0574844769242,0.190055441911,-161.325164317,-98.7438741012
155,0.0118778114397,0.000677819117799,0.0523435151103,-89.0968828898,-12.2207953434
156,0.166831717132,0.0894052010641,0.279654474384,-141.19326045,-102.906380535
157,0.126306142779,0.0578700066651,0.234333555821,-118.33040431,-78.7527679573
158,0.0475116804744,0.0147390937301,0.110530650891,-108.717540228,-42.4832385292
159,0.08312798424,0.0356822338893,0.161038543542,-125.320512326,-67.1285531092
160,0.683326488393,0.491323745035,0.920156995989,-266.535538645,-263.299162956
161,0.756246193856,0.562956455088,0.989955422763,-318.572178759,-316.496490904
162,0.17747023817,0.0982895307641,0.290192453198,-145.704255382,-106.694031395
163,1.08155677176,0.844044876992,1.36146118607,-438.824782949,-438.622400927
164,0.675938120142,0.516388784262,0.86675049003,-329.864637914,-324.878108566
165,0.122312728045,0.0485906466592,0.248070584231,-84.2463912992,-54.0681971399
166,0.351282162855,0.247817451842,0.480587400931,-266.396132591,-238.667600698
167,0.384261284239,0.255563709737,0.550170233426,-209.769923533,-192.807477144
168,0.174840943796,0.100443769628,0.279506566774,-138.994418762,-95.753152829
169,0.567986748214,0.416079638268,0.752214887503,-339.404968943,-330.785203918
170,0.556368537117,0.41435564791,0.728506406024,-306.972351898,-296.885162114
171,0.083964907831,0.0360337678671,0.162716649085,-116.284134769,-59.1027114298
172,0.684237119533,0.468476102782,0.957886478436,-222.734323565,-220.252646292
173,0.362074279373,0.254308429154,0.497048877261,-251.590273002,-226.330453523
174,1.65655193527,1.31140992172,2.06058368787,-433.312077271,-425.035122083
175,1.59355203167,1.28976439361,1.94401379577,-505.915472686,-497.290487211
176,2.72479324268,2.26692998386,3.25464007548,-679.311385104,-632.316547683
177,1.62616291771,1.31291844688,1.9903062365,-518.47261048,-509.274274035
178,0.8289212436,0.629186392087,1.06764491523,-340.362453715,-339.329376706
179,0.197465286756,0.117695918219,0.307335001421,-177.545367253,-137.087164445
180,0.847259373154,0.648930019749,1.08269559582,-377.415880615,-376.561373395
181,1.17089773264,0.913863209229,1.47362185751,-428.512982324,-427.71240764
182,0.979364346592,0.748943683506,1.25397802787,-364.023644932,-364.01094261
183,0.169711555499,0.0775983854181,0.315741088728,-93.9834575413,-69.0345949316
184,0,0,0.0465079720934,-44.221091478,-3.11373187276
185,0.0676300878991,0.0242405294694,0.145483643741,-99.7777410406,-45.1061995804
186,0.49982833996,0.364347419284,0.665814510469,-288.685620704,-275.763550318
187,0.847303338687,0.655817469855,1.07448707808,-387.699557385,-386.785703688
188,0.26355607255,0.15961450849,0.405389145952,-164.494891336,-138.68349174
189,1.38245860889,1.10896403364,1.70036022618,-463.201977443,-459.180018259
190,1.2182086143,0.947907696936,1.53803602997,-380.670657038,-379.46244202
191,1.1664992778,0.916473329244,1.46131414894,-413.523263704,-412.713759532
192,0.409452084114,0.255065936161,0.616538792388,-167.80734983,-156.894979889
193,1.99889467912,1.64357097712,2.40868177472,-586.595006183,-565.512915162
194,0.36074415752,0.239499954796,0.517525103046,-215.687259235,-196.233578448
195,0.177981584796,0.109330636456,0.270915446524,-185.560059088,-132.17318296
196,0.817395258935,0.623084781426,1.05021505612,-346.311985043,-345.087754405
197,0.499671923482,0.370894029587,0.655790294033,-310.643480464,-296.190544106
198,1139.81996435,0.558779753341,10000,-9.8924425481,-8.56364662029
199,0.641125759184,0.459630100227,0.865717596904,-299.390130338,-294.969186834
200,0.459826488423,0.33349446915,0.614911098192,-284.5562589,-268.28780665
201,1.15777499575,0.909074985355,1.45036435145,-407.750959184,-407.025963567
202,1.08422892874,0.84881015065,1.36247676576,-420.616896306,-420.397156215
203,0.53350839637,0.404355604677,0.688622711967,-295.72881793,-282.584048243
204,1.48120672533,1.19256253859,1.81629436121,-483.467781433,-477.471786781
205,1.3210571829,1.05907954579,1.62536504066,-484.045390417,-481.0495463
206,1.05522431074,0.809995809424,1.34784361315,-349.74356664,-349.659083531
207,2.02221048759,1.65941996426,2.44019066061,-571.769946441,-550.568149786
208,0,0,2.83856408236,-3.0529950237,-2.35896628864
209,7.49648021597,2.7154163527,17.7914844427,-29.2206053503,-23.2812113061
210,0.718531702515,0.511712708034,0.974333746484,-247.080243162,-244.797732301
211,1.06757141928,0.828492971968,1.35017535028,-419.52262836,-419.387128709
212,0.431455863273,0.275155990458,0.638363444647,-155.723240658,-145.318548542
213,1.62490866235,1.31563695712,1.98219846507,-521.769027597,-512.401438056
214,1.05965097377,0.845999960674,1.30948551987,-451.471977109,-451.33862873
215,0.779529697,0.604361800645,0.987271389352,-362.530111126,-360.38687628
216,0.736010411927,0.552422923129,0.956968040719,-320.716144056,-318.059216401
217,1.27260515614,0.995554452233,1.59916119352,-395.685607229,-393.831015155
218,0.0707810914056,0.0281064317874,0.143666000056,-111.222991255,-50.0666764088
219,0.4257972324,0.308446211096,0.56942854282,-293.854205833,-273.592510831
220,0.38072388556,0.258230865627,0.537199548313,-215.370085089,-196.452124004
221,1.29325523862,1.02546264588,1.60658662588,-451.646595052,-449.305893195
222,0.0471429592648,0.0146308614477,0.109666814968,-103.631364753,-36.7644087809
223,0.829711591834,0.624740366248,1.07652854711,-315.845869655,-314.881627624
224,1.74585544461,1.42048800308,2.12407538037,-525.33629051,-512.543954829
225,2.87505203835,2.38946799255,3.43548453645,-720.312682942,-669.685335252
226,1.7842223255,1.45426881203,2.16397944898,-546.899901572,-533.073847986
227,0.218968339294,0.130616899304,0.340561857269,-162.701746592,-128.599661241
228,0.207224377675,0.132003232168,0.307046394441,-203.757476437,-155.976254013
229,0.622652844609,0.460839757662,0.820003325275,-289.672660887,-283.606691875
230,0.176764533052,0.10730590423,0.271204124593,-174.89690741,-122.662455204
231,0.564020243838,0.418264696967,0.741584364327,-300.969288944,-291.721738505
232,0.763722823393,0.590514967101,0.968938185019,-355.198852576,-352.709860095
233,0.584185864607,0.442243765998,0.754125155004,-350.346719989,-340.994219459
234,0.180788661462,0.0868146108067,0.326256091269,-101.72101847,-76.5787543424
235,0.474145116205,0.338499780949,0.642338035805,-239.473121865,-225.929461979
236,0.295452259338,0.192275869654,0.430590765157,-201.817828618,-174.459183829
237,0.938529228024,0.734386397824,1.17917539117,-414.688001857,-414.546890701
238,0.521668766435,0.359966074635,0.72695409872,-223.437578464,-215.203707691
239,1.27376955924,1.01678566841,1.57343754682,-463.209510782,-461.005240752
240,3.66941046235,2.99576571729,4.45217940997,-759.640665706,-690.835086677
241,3.57518645335,3.00370181134,4.23353988077,-766.339572447,-687.139315869
242,0.748401115523,0.579815145609,0.949212171457,-379.88245154,-376.978358575
243,3.46154133504,2.87610517209,4.14112721413,-714.405097985,-645.703804408
244,2.60129131909,2.16171157463,3.1081511585,-658.704803364,-616.230517543
245,5.98181523071,3.16821033068,12.3044355242,-74.3203009734,-61.7697508321
246,9.81223266917,4.17072451258,10000,-74.6484671066,-60.0141738886
247,2.82161754681,2.2898820073,3.45777793134,-592.856735229,-552.361403883
248,0,0,1.82681032278,-4.02275159367,-2.96673886059
249,2.31774585629,1.31273660363,3.82673508912,-89.0395778401,-85.1136055173
250,7.73018928904,4.3977186037,14.3229044231,-147.995847827,-123.273501907
251,1.35125205132,0.77836987942,2.17272396416,-87.2284925988,-86.6146654469
252,0.88975200665,0.47078212633,1.5399271747,-76.6089009925,-76.5305133847
253,4.29360947661,2.87370169089,6.32418314848,-164.990530012,-144.156950693
254,1.4829691792,0.869673747757,2.38518425325,-102.79521368,-101.711451462
255,1.53533252691,1.13665699759,2.02564467484,-295.771755371,-292.001295159
256,1.89381526428,1.44864861448,2.43505802464,-324.386294827,-314.481447357
257,2.53543091108,2.08247949913,3.0626966764,-622.144610798,-585.801281899
258,2.70227238566,2.23885757206,3.2395215373,-680.595605761,-635.985597478
259,1.93437179473,1.57361827071,2.35405988644,-534.316517584,-516.835925273
260,3.27091787019,2.71540699531,3.92040383733,-717.546658407,-653.875483866
261,2.28127349169,1.88987078087,2.73110803866,-622.422843963,-591.065683043
262,2.92065297508,2.41140008519,3.51235477141,-692.335462866,-642.255199574
263,3.00517939166,2.46773163774,3.65318238454,-673.713043579,-620.966942822
264,2.98706692731,2.42454284087,3.64876056343,-538.139214647,-495.37917049
265,4.39661285948,3.59323850109,5.38145442581,-761.097806286,-671.595197857
266,0,0,3.07549305776,-3.23596682583,-2.5885337112
267,1139.81996435,5.2588200951,10000,-27.0891331139,-18.4736007153
268,3.18533971405,2.63194676192,3.8362978171,-655.803733601,-598.151155538
269,3.3326720913,2.7607589194,3.99456159559,-674.595746232,-612.270735865
270,3.65567790894,3.05213022438,4.37108093212,-791.788948679,-709.057387137
271,2.48623481648,2.04329767603,3.01827676329,-650.167882378,-613.438063826
272,4.6974268746,3.8946402629,5.67501116716,-885.404761375,-770.849313173
273,1.0718444194,0.808555740165,1.38934350273,-289.680197688,-289.556159838
274,3.55973392075,2.94943680099,4.2948529346,-790.754434608,-715.362353285
275,4.77689405101,3.96596330924,5.75628199847,-856.365921092,-740.412116445
276,4.56080382449,3.81256344501,5.47697385362,-882.640065519,-765.593023662
277,2.93549011651,2.42005895547,3.54170761129,-685.515788145,-635.925753974
278,10.9221060777,0.949112237988,10000,-13.3699404849,-11.555717503
279,1.22949973398,0.98260587365,1.51736965102,-466.982307341,-465.342138359
280,5.16673272565,4.27136033337,6.27683102053,-918.97260082,-789.746962424
281,3.83414288447,3.19801269554,4.59218350596,-818.568695322,-730.69219399
282,0.423738739245,0.294589268593,0.586332473002,-218.336957354,-202.139871219
283,1.23452548347,0.982402815769,1.52974787321,-434.863348975,-433.221279573
284,5.08766585058,4.2376267763,6.19361923123,-910.697580644,-775.394417645
285,1.5045782961,1.20538914132,1.85411279837,-511.393329868,-505.206046316
286,0.667803656601,0.499726220937,0.870597176095,-366.491535406,-361.829006079
287,1.3604873498,1.09694024366,1.6663431619,-508.956356452,-505.132875239
288,4.38206343266,3.62015998021,5.34675191248,-868.338070597,-764.017774834
289,0.638065611341,0.47205090081,0.840669922462,-303.477878469,-298.086340972
290,2.54837985358,2.10000342222,3.06690011783,-612.125085354,-575.31925137
291,1.31557683355,1.04752526492,1.62839005665,-466.766161858,-464.02065974
292,0.326155952322,0.207877914171,0.483013643602,-155.333878059,-134.979563256
293,0.720248166306,0.555043844025,0.91663451915,-354.480207716,-350.822593368
294,0.716678277161,0.550654831458,0.914973028154,-407.614688896,-403.946812838
295,0.570761969713,0.402811678243,0.779989203644,-286.331700394,-279.57024532
296,0.815835770217,0.63264423979,1.03289163505,-345.515827721,-344.100221089
297,0,0,0.022531222792,-85.8093718895,-2.66628512982
298,2.04712091782,1.66588323617,2.49272198233,-593.170784896,-572.642528784
299,0,0,0.022531222792,-85.8093718895,-2.66628512982
300,0.810270974644,0.620623033004,1.03645830435,-346.629000849,-345.242322747
301,1.76559100306,1.43522799137,2.14862393089,-559.957160012,-546.849200615
302,2.12546968332,1.74573823685,2.56390771302,-623.012420386,-598.748227818
303,0.498484293579,0.353784991713,0.679082693922,-261.364432888,-250.259367104
304,1.84758241762,1.50497122437,2.24460338707,-577.721056689,-562.315452335
305,4.46265312283,3.7063490647,5.38982690968,-868.640337439,-764.705303535
306,1.38335087591,1.10491081317,1.70721511485,-448.74162973,-444.854593632
307,0.930790127063,0.724995772856,1.17487885457,-400.740596493,-400.566800448
308,2.1256307648,1.74820650967,2.56642195652,-620.014479623,-594.773620266
309,2.58062342407,2.13367150353,3.10032967327,-653.288168601,-612.692205484
310,1.04347776228,0.794829546707,1.34067326492,-353.797559915,-353.747129642
311,0.575274047667,0.42060223079,0.764964128441,-256.36538043,-248.461616782
312,1.78202680216,1.44880906166,2.16483445424,-531.85775102,-518.498581293
313,1.77824922832,1.44048066614,2.17063869945,-534.111151436,-521.122505302
314,0.644163555511,0.472011122824,0.854780148478,-312.428967147,-307.538547555
315,1.4872037867,1.17932256433,1.84823616615,-439.269632845,-433.906048841
316,0.766575420626,0.579037989217,0.990997936943,-338.797650442,-336.731602747
317,0.0794401031781,0.0246625939577,0.184669911702,-72.5623134007,-36.6320596852
318,0.814111051749,0.642232854918,1.01590811821,-398.819558491,-397.1707528
319,0.787386382184,0.617858150618,0.98838687784,-387.681262317,-385.55030779
320,1.02398262184,0.795120867875,1.29408419113,-375.341553302,-375.32344126
321,0.762819653172,0.574670490216,0.987553855835,-351.060684156,-348.93981653
322,0.361862211382,0.23984636916,0.519917197858,-210.494525053,-191.372517429
323,0.471618873856,0.320174471396,0.664948464598,-220.247627453,-209.620568726
324,0.524808170003,0.378515910346,0.706042396196,-260.643956478,-250.472137219
325,0.205274269692,0.112764786012,0.338644391998,-121.760221257,-92.640625624
326,0.490223947852,0.342518606189,0.67537527948,-251.090717417,-240.158699033
327,1.17913019148,0.957755399841,1.43576823795,-492.218779033,-490.998435288
328,0,0,10000,-3.06254939992,-3.06254939992
329,1.0434011595,0.833873660123,1.28788080762,-449.14816183,-449.07542787
330,1.17507450042,0.889032342458,1.51936901541,-343.943954776,-343.278877401
331,0.649982113274,0.475718925131,0.861904415474,-314.818502471,-310.100061845
332,1.84944198514,1.51275315543,2.23815624198,-589.501596409,-573.477591834
333,0,0,10000,-3.00751635241,-3.00751635241
334,0.669251700191,0.494151496419,0.882083443476,-303.411371802,-299.169195048
335,0.746875315022,0.526769105204,1.02133308362,-230.380786753,-228.721847076
336,1.12126120137,0.879762804947,1.4053891602,-425.53887389,-425.094570608
337,0.99127467607,0.771059467276,1.25116407304,-404.904228071,-404.90169319
338,0.690273071379,0.515941374098,0.900666203341,-322.990901486,-319.126572837
339,0.0715459606218,0.0284060769692,0.145252942252,-111.832585886,-51.6670411257
340,0.78104405628,0.582272709087,1.02106276222,-315.084929081,-313.461810944
341,0.769502894105,0.583845763895,0.991914744506,-346.904902737,-344.852713594
342,0.156201214579,0.0857730320831,0.257783612051,-146.644480981,-102.024537899
343,0.338133028808,0.218400224852,0.495347974544,-200.193860957,-180.112166576
344,0.25143068277,0.15934088411,0.373012325836,-210.586109059,-176.028658573
345,0.107700763839,0.0516796858808,0.194582655055,-126.024365776,-73.2347561377
346,0.694075993854,0.514642704095,0.909753923666,-327.157640376,-323.537408688
347,0.779646799602,0.570347013493,1.03528332219,-254.441633592,-252.979149574
348,0.661236337835,0.464777321629,0.907447342796,-215.684872774,-212.292635343
349,0.571429330857,0.415484233763,0.762918694777,-263.67590414,-255.810040709
350,0.995575710842,0.766644193808,1.26698936461,-367.217460295,-367.216858754
351,1.32545464455,1.04312639245,1.65506829022,-436.376901992,-433.753868541
352,0.675868634261,0.506690952657,0.880759268571,-312.551144201,-308.171439626
353,1.09771971928,0.855096370631,1.3830973258,-388.044299376,-387.763068266
354,2.11631709866,1.721551267,2.57443276816,-565.434431065,-543.504073858
355,2.35000729472,1.94394273176,2.81788567815,-642.084185236,-609.215000684
356,0.932341399785,0.720224494634,1.18378256614,-392.291388718,-392.134748906
357,0.0748967901012,0.0297740529321,0.151752307802,-117.887429651,-59.8164489621
358,0.593530806725,0.435760345727,0.786444799274,-275.198459296,-268.050887279
359,0.521646737432,0.378163960186,0.697591888125,-263.963654542,-253.040472106
360,0.768225809675,0.581460041506,0.992553269504,-369.047251741,-367.006719118
361,0.95108056842,0.722482064109,1.22324603738,-349.680584833,-349.609382879
362,0.882960726358,0.696595879996,1.10178502902,-381.866260333,-381.276525007
363,0.0353125199401,0.00878017144357,0.0917023068321,-99.6889044876,-29.7723559769
364,0.523135159557,0.374560585686,0.705760416141,-292.382440652,-282.178770374
365,0.594469225279,0.436584975256,0.785964808745,-291.992387216,-284.775508851
366,0.692693084416,0.489488243699,0.946416073228,-260.21243817,-257.503815152
367,0.122081145154,0.0485179295021,0.247449121769,-87.1935213272,-56.8018892126
368,0.150302507203,0.0722160220375,0.271025801918,-113.92534184,-80.270561261
369,0.927669689218,0.72195554677,1.17106190751,-370.478448174,-370.288384559
370,1.5503526535,1.23840896127,1.91422705104,-481.544644615,-474.661956213
371,1.94655912586,1.31882082344,2.7762564609,-170.599183325,-165.364059765
372,1.38051063213,0.67177332362,2.53439800502,-51.2038454001,-50.7755836881
373,1.91262427215,0.777880739786,4.01930681411,-32.9726599651,-31.9044871246
374,0.75892364004,0.547440113845,1.01938772419,-281.563478261,-279.895636279
375,0.787386382184,0.585038885274,1.03318981056,-304.982927077,-303.51159976
376,0.827149601103,0.601754250443,1.10288205637,-260.931742123,-260.123628522
377,2.82866659734,2.33578684399,3.39878257287,-670.709348922,-625.09912841
378,2.12722715004,1.46945862078,2.98552163158,-194.38773978,-187.092091724
379,0.656069064549,0.304849921765,1.21176340303,-55.9575272372,-55.1075981503
380,3.94685657664,3.18710283766,4.86814661503,-717.815416081,-649.131395944
381,0.975224092186,0.763950673444,1.22444819487,-383.558952673,-383.536987334
382,1.52111185295,1.2118619067,1.8815512283,-460.577638167,-454.397337058
383,0.962713706627,0.752185252378,1.21304521595,-381.423322977,-381.374103937
384,0.475434457543,0.356444214892,0.618605537957,-285.483767932,-267.581598285
385,0.171510020166,0.0736655235769,0.331905227537,-83.9375054941,-62.5730316718
386,0.481516072425,0.36165195094,0.626082055016,-297.843242656,-280.455766851
387,0.225566419426,0.136647546308,0.34682235387,-181.539921758,-147.184071979
388,1.51252210136,1.24133118821,1.82795025266,-588.387467243,-580.393747636
389,1.15831784762,0.916182241847,1.44254173454,-454.931014879,-454.157521883
390,2.259989528,1.83200486077,2.75470969478,-516.282601168,-491.826464493
391,2.73901313071,2.26348946029,3.29507659008,-668.124721096,-623.211825059
392,1.41652145512,1.12597263681,1.75584920171,-455.550240652,-451.283390043
393,0.713694283037,0.53509917457,0.929518632709,-360.826841537,-357.622641764
394,0.0844174602155,0.0362337492187,0.163554226159,-122.21046851,-65.2801058766
395,0.65695149404,0.476797924919,0.877902058484,-260.43948573,-256.221140794
396,0.251895342567,0.155048770937,0.382387477146,-189.501775537,-159.24799749
397,1.20850021977,0.953073296848,1.50729881129,-429.175878395,-427.93648204
398,2.26700204386,1.84824216009,2.74949435306,-565.656801201,-539.710830111
399,0.810450476599,0.637471358119,1.01399509754,-393.391802239,-391.708972051
400,1.26003764613,0.996336457703,1.56889395215,-462.606994798,-460.744869623
401,1.2546157875,1.00891360925,1.54403047055,-491.074359875,-488.999657366
402,1.42839549583,0.0799990831665,7.3890722002,-5.99258533971,-5.93790160642
403,2.3252904617,0.1303043611,18.6902709351,-8.56372200386,-8.29805683985
404,0.78102598576,0.58967873787,1.01323466361,-328.732696716,-327.008507079
405,0.759831037403,0.581339899592,0.972460298333,-363.793264108,-361.391504483
406,0.995747040382,0.787155529514,1.24012654444,-418.463044117,-418.462365384
407,0.439189150289,0.306611146567,0.606363497921,-244.369896599,-229.563377508
408,0.419233329309,0.284840998508,0.589918981792,-239.658600237,-224.519427481
409,1.00387711529,0.789721062792,1.25622370238,-411.202249692,-411.20171481
410,2.18385197814,1.7831323043,2.64766655853,-559.485666173,-534.978040373
411,4.07123873283,3.39589096222,4.87267449543,-806.043611466,-711.737117517
412,1.190530662,0.948383610529,1.47319796853,-432.655780658,-431.508205314
413,0.779471055704,0.581598571094,1.01698878554,-340.262396653,-338.586204532
414,4.16101432149,3.48492970855,4.97104121624,-838.513451638,-735.619878284
415,1.61314635962,1.3081572871,1.96725167285,-504.167291124,-494.872260068
416,0.773610923388,0.574888406904,1.01424675137,-359.973245878,-358.256053169
417,1.59155801484,1.29047453918,1.94120697941,-521.511691091,-512.7136335
418,3.3013532323,2.75177628795,3.93245985906,-681.100717903,-616.961703986
419,2.59573345985,2.14009057208,3.12849025149,-689.403263961,-649.40234718
420,1.33097345343,0.998295495271,1.73883961888,-280.988489045,-279.089620352
421,79.848666914,0.531935756546,10000,-9.75751656765,-8.80939972192
422,9.25331181343,0.415073023614,10000,-10.3875712952,-9.51705471425
423,5.7730257049,0.415571576062,10000,-8.77669841704,-8.08655421675
424,8.91810421428,0.437240409883,10000,-9.14435889596,-8.47214170173
425,5.32567776401,4.1703941951,6.91641439013,-532.80222399,-454.088366465
426,0,0,10000,-3.00751635241,-3.00751635241
427,0,0,10000,-2.85696130923,-2.85696130923
428,3.51317311312,2.7957079054,4.38940643134,-470.339921008,-423.742273179
429,1.64745261312,1.25098706432,2.12830996773,-307.09037554,-301.148671553
430,9.57188590535,0.12156778092,10000,-6.20885847097,-5.97425520319
431,1.89213310245,0.070838677545,10000,-5.18033184056,-5.15581297305
432,1.25704779332,0.809757231325,1.86522582594,-136.282872097,-135.734785759
433,4.66688738536,3.47765914862,6.2793033293,-328.515646662,-284.649342225
434,3.69231922942,2.780518127,4.85551823065,-308.806867217,-276.017355579
435,3.33875067695,2.00012806416,5.64344769483,-97.5761444838,-87.8037228015
436,2.11970970782,1.54072842235,2.87013476957,-255.509485722,-245.724274417
437,4.56984292188,3.82828987569,5.45394830192,-862.711218831,-751.408232122
438,2.76420596976,2.29695073597,3.30786530258,-728.0806835,-680.205030953
439,1.92552185502,1.58185246966,2.3198155659,-601.619884227,-582.930369072
440,0,0,10000,-2.66628512982,-2.66628512982
441,0,0,10000,-2.35896628864,-2.35896628864
442,0,0,10000,-3.15312741361,-3.15312741361
443,0,0,10000,-3.34907920215,-3.34907920215
444,0,0,10000,-2.35896628864,-2.35896628864
445,0,0,10000,-3.06254939992,-3.06254939992
446,0,0,10000,-2.35896628864,-2.35896628864
447,0,0,10000,-3.13559823969,-3.13559823969
448,0,0,10000,-2.35896628864,-2.35896628864
449,0,0,10000,-3.13559823969,-3.13559823969
450,0,0,10000,-3.11373187276,-3.11373187276
451,0,0,10000,-3.11373187276,-3.11373187276
452,0,0,10000,-2.79839586171,-2.79839586171
453,0,0,10000,-3.06254939992,-3.06254939992
454,0,0,10000,-2.79839586171,-2.79839586171
455,0,0,10000,-3.34907920215,-3.34907920215
456,0,0,10000,-3.11373187276,-3.11373187276
457,4.36639770469,3.68641103525,5.15441977875,-814.911378738,-704.169394388
458,0,0,10000,-2.66628512982,-2.66628512982
459,0.696736203053,0.501962297801,0.936624496913,-295.632009651,-292.697506127
460,0.493861966826,0.34276436738,0.68398751989,-239.231486002,-228.909182738
461,3.0143870193,2.51487172657,3.59254588955,-749.881385311,-692.404257979
462,1.67933522004,1.35853026968,2.05221705922,-535.189596898,-524.628520909
463,1.14789547571,0.907895737189,1.42930001451,-439.013925152,-438.33084718
464,1.78480360513,1.4238506309,2.20651524895,-472.806571554,-461.397257738
465,3.51955969141,2.93528751068,4.20553629076,-767.655476185,-691.952860186
466,1.41542846721,1.14220181366,1.7323252799,-498.018090897,-493.16572998
467,0.9463396916,0.727241556594,1.20710024133,-345.253161526,-345.160269147
468,3.10447447343,2.599344897,3.69082018485,-735.866927443,-672.035367372
469,1.58986132725,1.2942518416,1.93129623791,-562.444588732,-553.368063286
470,0.0736585125707,0.0336526394585,0.137171480688,-147.229891131,-68.2436838335
471,1.98497394738,1.6330170408,2.38884445822,-620.621722837,-599.998073602
472,4.05750966293,3.36128294538,4.90601981978,-821.237476703,-728.909756693
473,1.15896428748,0.918932625416,1.43852064353,-462.065484867,-461.26825604
474,1.37048760669,1.07518342114,1.72056920274,-454.419990748,-451.245824278
475,2.83652988255,2.35274616087,3.39860477542,-711.518409616,-662.262162568
476,2.56673248412,2.12455307616,3.07662734094,-636.165525042,-596.702050233
477,1.29425833467,1.01014029823,1.62755734457,-402.750539534,-400.676636672
478,0.56936434447,0.027935509673,10000,-4.71829082977,-4.62054272945
479,1.34186872218,1.06801632711,1.66246546896,-450.514784434,-447.386140897
480,3.83514821082,3.19016566978,4.60265419423,-834.300934567,-748.0338606
481,0.926657980997,0.0375065912539,12.2298714508,-6.38141715683,-6.37976065126
482,1.46380529044,0.159851342135,10.1058535788,-6.54794991505,-6.46576269121
483,2.9164473282,0.411943109606,10000,-10.5806789814,-9.88426069822
484,2.30204867956,1.89515036995,2.7720064411,-614.466034981,-584.537781933
485,4.05311173322,3.37978375834,4.86298137953,-845.474316861,-749.468279391
486,2.11577092634,0.553317346368,5.30323103507,-21.68360674,-20.9662770241
487,0,0,0.707780677952,-5.49185420112,-2.79839586171
488,2.10511211085,0.641842416264,5.21067324947,-23.8098643764,-22.9621188104
489,4.17273339567,1.57971783182,9.90853059426,-29.2408860023,-25.4890912487
490,1.03922291782,0.169745965914,3.42476691447,-16.5351266137,-16.5337307244
491,1.83152164176,0.466279569419,4.99687581428,-18.2114112703,-17.7470615961
492,0,0,0.710390656961,-5.34707289655,-2.66628512982
493,1.40767375,0.345199029386,3.81858685527,-16.4327885565,-16.2805684792
494,4.89283047081,1.70235338103,10000,-29.3757273408,-25.442813973
495,0,0,0.695559026174,-5.88447614289,-3.13559823969
496,2.33075578547,0.695293960696,6.15071442589,-23.337097852,-22.3107935212
497,5.58251889131,2.06055674433,10000,-33.8014978695,-28.3875031253
498,7.22583695399,2.23102781477,21.0725618242,-30.4417040751,-25.6504475693
499,0,0,0.707780677952,-5.49185420112,-2.79839586171
500,0,0,0.567951664245,-6.50019423217,-3.15312741361
501,0.944492004756,0.241015897794,2.43234605954,-18.6371167022,-18.6319419502
502,8.25291417447,2.8059886718,26.5173889892,-32.6464351011,-26.3684249475
503,0,0,14.9949239063,-2.97164029989,-2.79839586171
504,2.88978740802,2.39659885036,3.46399454542,-704.855715806,-654.128136697
505,0,0,10000,-2.35896628864,-2.35896628864
506,0,0,10000,-2.93022275982,-2.93022275982
507,0,0,10000,-2.66628512982,-2.66628512982
508,0,0,10000,-3.79038024814,-3.79038024814
509,0,0,10000,-3.19115301492,-3.19115301492
510,0,0,10000,-2.66628512982,-2.66628512982
511,0,0,10000,-3.13559823969,-3.13559823969
512,0,0,10000,-2.93022275982,-2.93022275982
513,0,0,10000,-3.00751635241,-3.00751635241
514,2.19018565612,1.15754709423,3.75384671179,-60.5993682083,-57.8162499251
515,79.848666914,0.756002121699,10000,-10.3784910598,-8.90447797282
516,3.90254579595,2.21797982436,6.48631701747,-82.9892350479,-73.8832849955
517,3.92259772405,3.27086094698,4.70985559152,-864.997873652,-771.938526778
518,0.816849707292,0.587865313118,1.10018597435,-261.486492812,-260.627038124
519,1.73393864444,0.333757959587,9.34490319911,-10.4855289717,-10.2173817314
520,0.689542967797,0.520187035375,0.892629796882,-347.881887441,-343.742333022
521,0.810876835463,0.608888159568,1.05400373128,-326.899463944,-325.69315309
522,0.523513887208,0.354273428237,0.740817839866,-201.968440941,-194.577672986
523,0.488643401745,0.326326430022,0.697680361068,-194.399231357,-185.580642017
524,1.35666091063,1.06364996293,1.70236542451,-415.329443507,-412.364156772
525,0.57979814963,0.439527713688,0.748273288557,-327.85440174,-318.221749004
526,1.27211618814,1.00088260468,1.59327558943,-444.722699676,-442.789592924
527,2.15410863999,1.7660498166,2.60353920147,-601.036716955,-576.243512079
528,1.66882422421,1.34619879038,2.04622938232,-505.580714458,-495.470559148
529,0.85208088046,0.661942406459,1.07667793914,-398.851304627,-397.973090915
530,0.758880713652,0.571650031947,0.98426645285,-335.272294161,-333.097617851
531,2.14681127386,1.76714223072,2.58367366332,-593.525368103,-568.124974599
532,1.80440977751,1.48342788027,2.17609447499,-616.554248259,-600.773984355
533,0.897185290607,0.68940152296,1.14453889224,-372.439292321,-372.073858398
534,3.18516633335,2.65018895351,3.80569563518,-711.986699955,-651.208848892
535,2.87055559654,2.36677023505,3.46488271608,-732.891856113,-685.012602791
536,0.733742035781,0.555288645472,0.948258719556,-363.610584765,-360.764000102
537,0.315059806892,0.206809294045,0.456214673082,-197.452376785,-172.636675139
538,0.712374089645,0.55959489786,0.891634031485,-358.445896372,-353.898400934
539,0.933424394406,0.707553028458,1.20529484139,-356.816781427,-356.684926645
540,0.784856461039,0.596341352468,1.01037273501,-327.708929647,-325.947865023
541,1.11373037702,0.887592047768,1.37822324394,-471.583532705,-471.135777299
542,0,0,0.0225144562246,-86.3045183583,-2.79839586171
543,0.119946933704,0.0648190513183,0.199652692611,-160.965934862,-97.0846041964
544,0,0,0.022531222792,-85.8093718895,-2.66628512982
545,0.235397429051,0.147219326376,0.353213930837,-190.401254307,-154.170694149
546,0.421560192345,0.299766880055,0.573126397473,-262.430332927,-244.00460156
547,0.322264662576,0.216393797824,0.457953867264,-220.076368511,-193.469593818
548,0.51364187303,0.379652262995,0.677043663708,-290.91411158,-278.225397022
549,0.239826045527,0.156382043585,0.348693189805,-230.846097942,-189.048889849
550,1.19334388173,0.941270226189,1.48984187072,-409.517706671,-408.432651718
551,0.714406664386,0.539097795476,0.925287642631,-319.224661943,-315.892556948
552,0.0484169580032,0.0150392480188,0.112452001445,-107.918758992,-41.6481651899
553,0.830067740583,0.617507327367,1.08781544912,-349.034150583,-348.147673952
554,0.639945861759,0.465869989258,0.854255659897,-300.869677045,-296.043072405
555,2.5220818774,2.08186059065,3.03171195855,-682.807210967,-645.467445669
556,1.4676033533,1.17196768857,1.81205145361,-474.698468872,-469.366282183
557,1.42477973339,1.13214172269,1.76792570522,-453.921699932,-449.525840691
558,2.00015688234,1.62679677833,2.43229219202,-576.355725495,-557.453044162
559,2.6537872918,2.19310184,3.19126139756,-710.928147357,-668.758838027
560,0.516095599852,0.346002111856,0.734411754078,-208.677870342,-201.135115458
561,1.69446455937,1.37162521586,2.06913074827,-539.671049361,-528.713941603
562,0.796673305893,0.588756378124,1.04887040314,-317.231741104,-315.94079214
563,1.50375779805,1.21849103756,1.83627575599,-526.899355971,-520.040701125
564,0.482354981458,0.346781930323,0.649490350419,-268.571421781,-255.143833163
565,0,0,0.0257869638137,-76.348750652,-3.06254939992
566,0.574229794809,0.410568729249,0.778031440811,-267.430105896,-260.471307759
567,0.528886904745,0.389762209129,0.697949947291,-301.483414828,-289.980573418
568,0.248859519772,0.146039470808,0.391220751206,-164.276524947,-138.24865823
569,0.119220884415,0.0596598107161,0.209598298233,-129.702790659,-78.8425135271
570,0.31582316719,0.202759902554,0.461563938665,-221.334291706,-197.010864521
571,0.0408564176145,0.0101622230401,0.105913897027,-92.4744318222,-31.7729871598
572,0.071722875635,0.028481690194,0.145567619043,-115.614386523,-55.4291120464
573,0.751102647448,0.566992403928,0.971800895787,-336.534531956,-334.140392873
574,0.361647871528,0.244677849025,0.511884017347,-204.333594034,-183.572682213
575,0.81565328288,0.615447197689,1.05635649582,-336.980450609,-335.808085991
576,0.243998706276,0.130575340187,0.409895858056,-113.051282579,-93.0444810832
577,0.48708086244,0.340329886066,0.671946109636,-241.215465593,-230.217564252
578,0.306261126408,0.200829446156,0.444022410049,-196.272357935,-170.23046293
579,0.514022237577,0.38021307894,0.675831205676,-348.894602319,-335.872615091
580,0.306966265224,0.201291305547,0.445048623611,-194.387340305,-168.474092897
581,0.638149467476,0.472214591583,0.840047682425,-282.734403468,-277.304515333
582,1.25199151677,0.960241944405,1.59985446025,-370.972330712,-369.577099872
583,1.79768147297,1.45744194008,2.19517241102,-553.820225513,-540.172372511
584,0.870816050531,0.67082805765,1.11067782455,-348.381757231,-347.783782283
585,2.45996490004,2.03790750828,2.94221010861,-714.280020063,-678.202306546
586,0.270434148179,0.148762797471,0.445269193955,-116.809212305,-98.7691781743
587,49.2270302754,2.01592601674,10000,-9.04769043932,-6.28856864327
588,2.83391485821,2.34607003554,3.40485080512,-722.195871789,-673.833278372
589,0.474362871292,0.337660768843,0.644196354515,-246.394041828,-233.091697168
590,0.691546720373,0.465604411702,0.981544085997,-198.418406819,-196.274104747
591,0.37315260583,0.268552245742,0.502446842904,-252.091711951,-225.319717082
592,0.868883098811,0.682705513419,1.08794788201,-397.270116444,-396.538642317
593,0.753661399421,0.569130775413,0.974003565639,-343.158961084,-340.804720662
594,0.847298949652,0.654389180012,1.07691441808,-391.981565852,-391.084549905
595,0.941223057263,0.733421742286,1.18692377483,-391.547565154,-391.423218853
596,0,0,0.022531222792,-85.8093718895,-2.66628512982
597,0,0,0.0225144562246,-86.3045183583,-2.79839586171
598,0.0118501819152,0.000676240868307,0.0522224440644,-89.3711562245,-12.3235904508
599,0.195129739321,0.114202418306,0.307906303005,-152.233901317,-113.857612361
600,0.932379909249,0.677922111442,1.243326245,-292.363945366,-292.258521766
601,1.35307522157,1.07444352057,1.67984706856,-448.449413298,-445.212575858
602,0.0137810488324,0.000787170747397,0.0605468607349,-84.7248012078,-16.6211075454
603,0.502562461414,0.364869387847,0.671425452948,-282.841852618,-270.402699047
604,0.566675128103,0.0325426344633,2.47988323372,-9.50553025347,-9.30577101054
605,0.559521923984,0.399398995492,0.757705477142,-248.377695561,-240.611411645
606,0.759774003527,0.547206855389,1.0227296857,-276.940683476,-275.311580455
607,0.182208184368,0.100504293137,0.299057733482,-153.9658553,-117.156018124
608,0.934971935173,0.701850202556,1.21615032387,-352.690916608,-352.572867011
609,1.16000536262,0.926153996087,1.43384438896,-445.142541717,-444.289653493
610,0.0554041531257,0.0198804408717,0.118967040339,-130.270460785,-59.4017507079
611,0.633957146067,0.460319069601,0.847664453748,-267.01736635,-262.020248923
612,0.548929659217,0.411492111787,0.714474734692,-311.385361143,-300.226750242
613,0.861426549611,0.635529665827,1.13638462186,-284.203478121,-283.669385718
614,0.473193277347,0.322421638112,0.664532803927,-215.847481422,-205.000580357
615,0.537576249631,0.0324606248972,2.27330984859,-12.6568112898,-12.3946228299
616,11.7631162144,3.52734793068,32.1503278694,-31.9683746288,-25.5620256415
617,17.2529213647,4.30593895258,60.7936661534,-34.5338090961,-27.6757403861
618,0,0,0.622274226177,-6.86656827304,-3.79038024814
619,37.4595698874,3.58514937691,10000,-36.3036809236,-28.1626557083
620,4.02115239177,3.35502852533,4.80324169582,-854.492200912,-765.555579023
621,0.54325824269,0.384794874298,0.740743205549,-279.246386411,-271.001020364
622,0.233551386756,0.124984093535,0.39217352787,-117.267461136,-95.5602590361
623,0.66165311663,0.510267236085,0.841274898599,-353.940977062,-347.935650445
624,0.582317572463,0.431893563218,0.764995313375,-293.203545463,-284.95351298
625,0.789879902317,0.618777147282,0.991277411742,-395.475537211,-393.396923248
626,0.592242608535,0.453673218769,0.75755315697,-316.220223498,-306.710820286
627,0.429522751664,0.318278055469,0.564824875646,-269.55566411,-247.371741886
628,0.805674454482,0.59376502806,1.06336485743,-337.613948552,-336.473330295
629,0.546982466458,0.398654136839,0.727845643887,-280.891010727,-271.293378662
630,0,0,0.0181477867923,-106.901143824,-3.15312741361
631,2.02887056475,1.64683867906,2.47309387208,-609.766432854,-590.392405131
632,1.32264572846,1.04659797461,1.64606838083,-431.60365081,-428.901423271
633,0.368594755695,0.242758316358,0.531866458176,-222.597555228,-204.685504192
634,0.245925214036,0.15296247075,0.371093677201,-170.802956865,-138.620947647
635,0.395868547074,0.24966281304,0.590603875563,-173.085149212,-160.590570611
636,0.0403997420522,0.0144771267254,0.0869415922011,-138.614800017,-39.26813239
637,0.744458283324,0.543267376361,0.988811056884,-281.833789663,-279.750237329
638,0.464528588413,0.322368442095,0.643429519907,-253.05140289,-240.589609869
639,0.0283726976303,0.00471872018467,0.0875182884665,-85.7145272564,-24.1349710514
640,0.225538257328,0.113532196902,0.39403397756,-104.158412788,-84.4332141302
641,0.829726736998,0.620310129518,1.0832759411,-310.383094378,-309.465652348
642,0.822767829805,0.630738433114,1.05212835068,-332.921640303,-331.731598963
643,1.08261590675,0.750438136597,1.50577958161,-193.901670455,-193.803429134
644,1.32765861855,1.0512841388,1.65149563918,-438.301482395,-435.509243257
645,0.379037900333,0.249604129083,0.547168729601,-206.478922582,-189.803421543
646,0.736756552864,0.518806000581,1.0105962832,-240.777952103,-238.988557057
647,0,0,16.4624746733,-2.53307547417,-2.35896628864
648,0,0,14.3203514818,-3.48543174461,-3.33055581465
649,1.21271689753,0.935027685232,1.54266093897,-364.042004502,-362.964446804
650,1.05408330471,0.816021122994,1.33576211209,-399.453736746,-399.367095077
651,0.837150862263,0.621274213004,1.09793822016,-314.774243641,-313.975183874
652,0.730330897145,0.546182589408,0.953675618588,-301.767083891,-299.062731518
653,0.430651054041,0.31261424365,0.575809596643,-262.4067763,-242.860797965
654,1.60172747564,1.28844210367,1.96507322251,-523.641981844,-515.299079915
655,0.557559687546,0.38919409029,0.768118046955,-267.27994366,-260.257278882
656,3.22583885431,2.67252988474,3.87073756396,-707.224097915,-646.436842562
657,1.02015407984,0.794946351872,1.28607071844,-422.480472864,-422.467283474
658,0.411824932814,0.0237638172945,1.77895656656,-10.2698567409,-9.71306912904
659,2.96094723924,1.35170837222,5.90454754077,-40.5903193553,-37.1729833048
660,0.821239757285,0.626235940846,1.05467015473,-337.817873592,-336.647286781
661,0,0,10000,-3.33055581465,-3.33055581465
662,0.496136830165,0.357022348165,0.66829820548,-283.08338366,-270.907086627
663,0.54331783643,0.37345280887,0.758617005922,-244.090455177,-237.018742997
664,0.365374196343,0.248993723264,0.514139685879,-205.926514853,-184.896101249
665,1.75503904813,1.41171249907,2.15691636152,-513.477805712,-501.769120459
666,0.944032850023,0.73576826575,1.19096057155,-376.527007571,-376.414806317
667,0.231500989348,0.142153292329,0.352578438488,-182.21796369,-147.982135305
668,1.58576396726,1.27927794582,1.93997577817,-510.291998476,-502.07045173
669,0.870816050531,0.669545183531,1.11228619641,-361.874482147,-361.281542523
670,0.975779317393,0.757970001113,1.23232970854,-376.548305958,-376.528532685
671,0.0605879148078,0.0217154540145,0.130357593387,-108.699439329,-46.522850894
672,0.875812424619,0.678499863201,1.10997528833,-361.587333785,-361.004319749
673,2.3542947768,1.94353980161,2.83572052372,-677.628081042,-644.234856802
674,0.311996671834,0.204550966938,0.452450105707,-199.45717115,-174.45778647
675,1.79951432919,1.45403181045,2.20327140527,-549.450848765,-536.222085768
676,0.92675529967,0.719420678994,1.172059093,-420.110777311,-419.919088727
677,0.403830990739,0.295209289282,0.537021045275,-264.120944637,-240.094333144
678,2.15223811353,1.77644526523,2.58402302061,-645.358752305,-619.176412971
679,2.2955261175,1.89155698689,2.76557560272,-640.282241459,-609.74198284
680,1.73384521737,1.38749093217,2.13801227491,-477.806731084,-467.122196829
681,3.53667552802,2.9498126499,4.22988934849,-774.000738468,-697.822735681
682,1.94129938819,1.57699743088,2.36308115667,-586.688748074,-569.469683586
683,0.887333845561,0.675613169503,1.1419229284,-358.24306997,-357.832215563
684,2.96496240908,2.46142651975,3.54958006266,-688.772585796,-635.210768956
685,4.86237306545,3.99955085086,5.92046406293,-857.372881187,-747.756323771
686,0.70701199055,0.53694424252,0.910895097813,-308.969606166,-305.265017664
687,1.12963707446,0.8750079444,1.43091924935,-391.011395018,-390.555661236
688,2.74279217257,2.2776750327,3.28284757599,-680.863445215,-634.063315928
689,3.51965565723,2.92414001587,4.20545538541,-736.521042377,-667.638118877
690,0,0,1.76931872001,-3.46991711115,-2.35896628864
691,0.292638512669,0.190245002052,0.426982055421,-187.948765081,-160.312798353
692,3.0802008033,2.04625931977,4.51846300774,-148.973276365,-136.687892663
693,6.40654169199,4.18199700808,10.8264188131,-210.950789384,-176.559243854
694,1.73631942342,1.08784606592,2.67051168989,-115.24235031,-112.616134648
695,1.14650932306,0.385304847281,2.85739074409,-28.5223360106,-28.4864765366
696,2.07124679177,1.68147098119,2.52675541779,-582.269478053,-561.75017658
697,2.99806286722,2.47567398282,3.61734890502,-730.794480561,-677.099852578
698,1.85148160814,1.51261461662,2.24487969454,-570.917104165,-554.861403752
699,2.28382882215,1.8674783725,2.77295485179,-650.59422771,-622.591221732
700,1.48371813894,1.1871884767,1.82898641919,-481.493284207,-475.774682524
701,1.3377279264,0.482763269687,3.08368154222,-46.1826231087,-46.0148984864
702,0.180546822108,0.0867050304214,0.32578377601,-96.2530404492,-71.0345394286
703,0.527129817681,0.395494448117,0.686066783574,-289.996553847,-277.168687609
704,0.640016022445,0.482569407055,0.829070972105,-335.105432912,-329.023687943
705,0.507261530474,0.378233254621,0.663364728234,-298.406619814,-284.295409519
706,0.46605413998,0.325624053255,0.641928122879,-250.439664006,-237.631948865
707,0.532015460665,0.397924522228,0.694288465982,-279.794377133,-267.624152111
708,1.50537078846,1.21602908245,1.84347288861,-489.899118114,-483.201991926
709,0.367799531685,0.261215091208,0.500137720606,-262.103908014,-236.054269971
710,0.967052502391,0.746938824012,1.2288209343,-386.374603787,-386.339333816
711,1.50310385541,1.08257133971,2.02231093882,-234.952435306,-232.05493204
712,1.35408363029,1.08002923508,1.67500557048,-498.310710053,-494.933258624
713,1.09601713973,0.847895294103,1.38995366842,-392.804142051,-392.546235624
714,0.390141766511,0.258644814097,0.560429911621,-188.985134505,-173.017916755
715,0.545218484517,0.36647871064,0.775380520709,-185.28686196,-179.06690899
716,1.09525772455,0.848245883354,1.38742324808,-395.299620505,-395.043232536
717,0.205427108234,0.100261396719,0.364715536622,-108.683001495,-86.6160217633
718,0.243618215205,0.147483426159,0.374913928913,-146.856390489,-117.108295054
719,0.880435915408,0.65605973632,1.15185140062,-287.284928417,-286.873030411
720,0,0,10000,-2.35896628864,-2.35896628864
721,0,0,10000,-2.96673886059,-2.96673886059
722,2.03988101494,1.42004795229,2.82665429103,-180.585625494,-173.874207686
723,0.462543795983,0.331317662149,0.624248060005,-253.510988149,-238.603963374
724,1.93337088505,1.57635441403,2.34689849293,-571.75588933,-554.089125702
725,1.90973661657,1.54183608342,2.33906997521,-540.349152651,-524.718144144
726,2.05715662362,1.67204167679,2.50452695755,-568.344749658,-548.081610905
727,1.20082955972,0.906428315293,1.55421793265,-325.541223877,-324.702562447
728,1.29773903558,1.03106422198,1.61055981097,-437.844093077,-435.39982878
729,2.50221632239,2.06237415273,3.01286301152,-620.707292205,-584.356914048
730,1.42800563836,1.11946556548,1.79267509113,-428.351770458,-424.366062552
731,0.834943097912,0.56398159731,1.18324433302,-196.862778236,-196.378937217
732,1.49903852588,1.19227446735,1.85827983125,-464.271293243,-458.569686043
733,2.143480778,1.73780334724,2.61978035135,-545.387155821,-523.258541509
734,1.5357366609,1.22237759237,1.90230476499,-467.580002271,-461.175497985
735,1.91935809756,1.55212673566,2.34801812171,-525.619272297,-509.506708204
736,1.32321686939,1.06218008123,1.62943775148,-477.130307843,-474.058978329
737,0.962320751951,0.227178018439,2.77138091626,-14.916635152,-14.9146851022
738,3.13588266188,1.06596358351,7.9066946084,-27.7964119008,-25.6699678137
739,5.1118889574,2.12013733524,12.1330413155,-36.5407275091,-30.7918181187
740,0,0,0.924030647816,-5.42682633147,-3.34907920215
741,2.62887691655,0.812527794101,6.86114188733,-25.9027473152,-24.5302784475
742,2.30586183446,0.694635750326,6.03368685497,-22.0957472883,-21.0771565398
743,1.11109014434,0.269340826458,3.10466512434,-19.6673821481,-19.6523542672
744,3.41553067059,1.1798338004,8.04542412478,-28.3524309187,-25.8896284656
745,47.0720410882,5.63806208378,10000,-41.114657701,-30.2599205532
746,5.64586143712,1.96627887706,16.9296780217,-25.3680519449,-20.8501559977
747,5.70839635,2.00184352731,21.5826701398,-27.7019947852,-23.1187583329
748,3.23087586731,0.950819159345,9.22750580395,-22.1755462008,-20.3894530749
749,1576.01831765,4.59119336905,10000,-45.1445933788,-33.5174325315
750,5.36772992788,2.10731481399,13.8273333933,-35.0534960443,-29.826060302
751,2.85534385737,0.983257793369,7.06244763795,-27.8760429507,-26.0084570042
752,1.28158586102,0.317251772838,3.73929935866,-19.9296610862,-19.8474330206
753,2.03447082449,1.65724662686,2.47084169878,-544.349490433,-524.290683524
754,0,0,10000,-2.35896628864,-2.35896628864
755,0,0,10000,-3.79038024814,-3.79038024814
756,1.16285266749,0.905891188164,1.4674087348,-397.822691518,-397.100937933
757,1.07295694319,0.82210207326,1.37358664661,-347.368914292,-347.226805288
758,1.52591517728,1.20888702547,1.89793748067,-432.830775458,-426.853049921
759,3.50576465371,0.607305856825,10000,-10.268647806,-9.19393783137
760,3.26378530309,0.468137526199,26.9852192078,-10.1212209361,-9.38599893027
761,0,0,1.07603385628,-4.4833502357,-2.66571629836
762,31.3943273064,1.5162625441,10000,-11.6784162949,-9.13530737683
763,1.629864266,0.0796481116113,21.6346349394,-6.3048674711,-6.22688266006
764,1.69017769885,0.0681556309207,22.3707051681,-6.44767353427,-6.37525510988
765,1.76219733187,1.33610550717,2.27738565021,-289.092246498,-281.704393444
766,0.881042309959,0.467791844617,1.48786810347,-70.4675185366,-70.3692224257
767,2.48694275673,2.0419693125,2.99904210516,-586.309114116,-552.494555301
768,2.28152165053,1.85719303333,2.77463306268,-568.692323116,-542.410430723
769,1.46546482948,1.14899115812,1.83747965377,-398.78766551,-394.242832414
770,1.61396664696,1.28643854589,2.0003065965,-491.969346484,-483.969713574
771,1.006055554,0.68845154523,1.41662424323,-157.138805472,-157.138264316
772,2.73789807913,2.01188309695,3.67270977622,-284.738147623,-266.887989439
773,1.01486509929,0.760382658436,1.3241689984,-304.013821386,-304.008387396
774,2.45463250221,1.993666115,2.99406998243,-542.645699748,-512.50233633
775,1.75778265656,1.39822322217,2.18024674055,-490.661685402,-479.993335584
776,1.13374402927,0.855044192091,1.46952003028,-305.314939112,-304.916331377
777,1.33415155052,0.993770068916,1.74959775483,-285.567820035,-283.724400951
778,1.00074561014,0.743718914606,1.31314961506,-297.662939879,-297.662926611
779,1.61701485795,1.27137223952,2.02667196937,-451.408275725,-444.238634571
780,2.02449864569,1.6132024908,2.50700603023,-428.557983065,-412.32431057
781,2.20428470927,1.7587982148,2.72949330124,-461.557486868,-441.296934571
782,1.71748574606,1.35579388402,2.14505183332,-457.894571031,-448.652676271
783,1.57807198403,1.24093305945,1.97690997564,-414.523114612,-408.008681358
784,3.00966446589,2.42125240126,3.71523878375,-497.979360741,-457.303986104
785,2.40623894261,1.91712538883,2.98649241033,-444.66879875,-420.32925573
786,2.92677152595,2.28753097495,3.69529926576,-438.556879161,-408.659921464
787,2.70256237141,2.09825666741,3.43477957719,-377.040163183,-352.49378573
788,2.08415364066,1.51213967259,2.83374029214,-236.328549485,-227.139983152
789,5.24913996852,3.67306209633,7.75414865978,-249.796003982,-212.746650801
790,4.14898926951,2.72162328005,6.26789560221,-187.481950004,-167.106479922
791,0,0,1.55827219657,-4.07455569644,-2.66628512982
792,0,0,10000,-2.88262537929,-2.88262537929
793,0,0,10000,-2.88262537929,-2.88262537929
794,0,0,10000,-2.85696130923,-2.85696130923
795,0,0,10000,-2.79839586171,-2.79839586171
796,0,0,10000,-2.35896628864,-2.35896628864
797,0,0,10000,-3.19115301492,-3.19115301492
798,0,0,10000,-3.06254939992,-3.06254939992
799,0,0,10000,-2.66628512982,-2.66628512982
800,3.94061841179,2.3927455545,6.30272344498,-114.949373019,-102.51459027
801,4.16394316068,2.35700617017,7.74150289102,-115.399831934,-104.708397125
802,2.87367900663,1.48726339433,5.22611554238,-87.1379034345,-82.4608517627
803,3.55064257851,1.87392258017,6.46406345417,-88.96272788,-81.6780066407
804,3.99252609546,2.04051762238,7.8697086089,-77.991055425,-70.3462073088
805,5.51858820532,3.00406545812,11.8762020198,-85.9920263259,-72.4202143548
806,4.08415647338,2.18165996656,7.37739297522,-69.7497944472,-61.3261778019
807,3.29613184837,1.60718405931,6.97812653712,-66.2748104443,-61.1935170796
808,1.34528620489,0.564813839302,2.84429185884,-35.2287083287,-34.9768059364
809,3.53616662144,1.71129599192,6.81659479921,-50.4078287404,-45.0629830116
810,2.65855122528,0.873285772777,6.9644233235,-33.2917296303,-31.8021911969
811,8.08455870179,2.67390084423,31.0367648608,-41.3582491492,-35.8913629534
812,5.41075528756,1.86866891245,14.9501433361,-38.2955232161,-33.6740989673
813,6.3371268879,1.78710047053,19.0907452658,-31.3573591952,-27.8726907268
814,9.67134074304,3.49993456306,10000,-37.6106714232,-29.6712647595
815,3.35417872734,0.520279796084,10000,-14.1605033068,-13.3665760171
816,8.39306657387,0.71302950416,10000,-11.9871172006,-10.706902229
817,47.990191407,1.34878654817,10000,-11.3978575871,-8.97820903406
818,103.055117657,1.01713048597,10000,-10.5381476367,-8.60345541058
819,1.69931146469,0.0923293565363,10000,-8.29501531007,-8.18600989598
820,25.1376431097,0.907097558161,10000,-9.86374112757,-8.0877141969
821,20.6846597741,1.29109435262,10000,-10.8807755447,-8.51913040615
822,12.9442238903,1.35802311557,10000,-11.4675257464,-8.920170133
823,130.898309613,1.86836981466,10000,-11.9910350438,-8.74357064092
824,13.3665575056,0.113782366355,10000,-7.90692692683,-7.51461999192
825,41.3066841183,1.20778864995,10000,-10.6579730621,-8.42902984111
826,30.9857403355,0.102226587602,10000,-9.45944322283,-9.09168436859
827,7.3109922807,0.873143351447,10000,-15.200379821,-13.4779627708
828,15.0638279462,3.26869784496,10000,-22.4520708846,-16.4868456732
829,8.13981292322,1.72315271465,27.5905766086,-22.425032972,-19.0575638945
830,6.6431736835,2.29532632242,19.3661994297,-23.6932400191,-18.4850234186
831,6.41321156648,1.7223869714,18.4963848104,-21.5710131136,-18.2916516799
832,0.784427247646,0.0436207698193,4.02292761131,-11.3639961113,-11.3342684228
833,2.23383864932,0.292260119415,13.4142118722,-15.1737017626,-14.8282213949
834,59.6697140888,3.83326993784,10000,-28.0615922752,-20.8752005188
835,0,0,1.41173659692,-4.43919738721,-3.06254939992
836,0,0,1.24887279799,-4.22039617659,-2.66628512982
837,0,0,1.23681336685,-3.92743770471,-2.35896628864
838,0,0,1.41173659692,-4.43919738721,-3.06254939992
839,7.76376891877,1.97020542152,10000,-25.7043438226,-21.7327401696
840,0,0,1.47386130983,-4.80321890373,-3.48791972073