site,MLE,Lower,Upper,LogL_global,LogL_local
1,0,0,10000,-3.42393285218,-3.42393285218
2,0,0,10000,-2.51015792157,-2.51015792157
3,0,0,10000,-3.2735114566,-3.2735114566
4,0,0,10000,-3.82374110704,-3.82374110704
5,0,0,10000,-2.42176370707,-2.42176370707
6,0,0,10000,-3.13972733555,-3.13972733555
7,0,0,10000,-3.13870979562,-3.13870979562
8,0,0,10000,-3.32607577252,-3.32607577252
9,0,0,10000,-2.80500550787,-2.80500550787
10,0,0,10000,-2.51015792157,-2.51015792157
11,0,0,10000,-2.80500550787,-2.80500550787
12,0,0,10000,-2.80500550787,-2.80500550787
13,0,0,10000,-2.84333753288,-2.84333753288
14,0,0,10000,-3.13870979562,-3.13870979562
15,0,0,10000,-3.30498754641,-3.30498754641
16,0,0,10000,-3.82374110704,-3.82374110704
17,0,0,10000,-2.84333753288,-2.84333753288
18,0,0,10000,-2.63155727525,-2.63155727525
19,0,0,10000,-3.14227572444,-3.14227572444
20,0,0,10000,-3.15060312728,-3.15060312728
21,0,0,10000,-2.84333753288,-2.84333753288
22,0,0,10000,-3.14227572444,-3.14227572444
23,0,0,10000,-2.42176370707,-2.42176370707
24,0,0,10000,-2.80500550787,-2.80500550787
25,0,0,10000,-2.51015792157,-2.51015792157
26,89.9148483068,0.303055983588,10000,-7.46949838611,-6.72892039859
27,0.662641488659,0.0339189299072,10000,-5.77698074771,-5.71328662152
28,0.691895729914,0.105730502842,10000,-11.2711120167,-11.1629583385
29,89.9148483068,1.20443330361,10000,-15.3519461578,-13.0048931446
30,89.9147972231,0.927600323682,10000,-15.9686815438,-14.2080825497
31,1.3239264082,0.43935997214,10000,-23.8793541846,-23.7400073696
32,8.48776120468,1.32922733,10000,-29.2613515926,-26.5197311539
33,14.2553875053,1.32085713142,10000,-29.2858186363,-26.4168494835
34,108.609948319,1.76763061804,10000,-37.1892664714,-32.8575404635
35,1.36119726515,0.652395325397,2.8515373837,-46.8286025923,-46.4656961379
36,2.45830316589,1.16485316899,10000,-59.2293048854,-56.3529218113
37,4.01318712288,2.11826802615,14.9853657129,-75.5339886458,-67.9326265899
38,1.18722888944,0.73976095432,1.84125719932,-107.615313824,-107.345835402
39,3.33438108869,1.99285899093,7.7140453069,-130.908047497,-119.703308464
40,1.66700559863,1.06372960958,2.56260494327,-118.313949193,-115.855358086
41,3.48957678526,1.88184273488,5.60133317183,-183.688972407,-171.909590219
42,5.44192738046,2.76267196368,10000,-222.106089023,-202.016523679
43,1.41438088603,1.07120808793,1.84322278289,-264.622422199,-261.677050332
44,1.52830508792,1.22654674425,1.88882904139,-423.10348794,-416.26023024
45,2.61542559777,2.09561244879,3.28280517635,-658.914830816,-623.156665479
46,1.36897677791,1.13255867842,1.64438689232,-488.621120807,-483.480943335
47,2.27634842694,1.92196000844,2.69014735636,-710.431876639,-669.660670916
48,2.40160261345,2.01225508915,2.87843039877,-790.124133533,-744.329468718
49,5.33154324781,0.891103196219,10000,-16.6625407709,-15.024143257
50,0,0,10000,-2.63155727525,-2.63155727525
51,0,0,10000,-3.06863353483,-3.06863353483
52,2.01097500668,1.70335434464,2.37371800122,-776.894629321,-744.880106829
53,0.736471783903,0.591148675935,0.906784643704,-467.615693697,-463.361124205
54,1.23156958219,1.01372929145,1.48075527211,-403.317225979,-401.126710041
55,2.74970611515,2.29773964202,3.30904922332,-832.079806017,-772.303631957
56,1.99180119559,1.68562421821,2.37908487591,-736.00104555,-704.521400618
57,0.0319128626214,0.00990382593741,0.0742473749561,-136.24612411,-32.9221031132
58,0.0159085219984,0.00264317986779,0.0491837624832,-129.860567771,-18.8198839799
59,1.46762622601,1.2517985352,1.7135350213,-650.711926072,-640.027291448
60,2.40047990512,2.01657132458,2.85034768607,-756.431076623,-712.112819487
61,0.335802630881,0.237910176995,0.458382179474,-214.059420278,-183.39376218
62,0,0,10000,-2.51015792157,-2.51015792157
63,0,0,10000,-2.80254997897,-2.80254997897
64,0,0,10000,-3.2735114566,-3.2735114566
65,1.3642913396,1.15634534892,1.60014405956,-543.323347512,-536.778262368
66,1.43761874167,1.20223262782,1.71032416968,-629.913361078,-622.277590263
67,1.39705669331,1.18690335552,1.63710116779,-709.850609838,-702.041615396
68,0.73985628838,0.610131306284,0.887977987065,-392.900732743,-387.478001291
69,1.03073010117,0.504652303721,1.89361448296,-43.1226249989,-43.1185183158
70,0.406825113793,0.143653829134,0.903858507624,-33.418684375,-30.907557578
71,2.92591600651,2.41018795825,3.57002068436,-675.190894744,-619.399024429
72,3.57396435317,3.0510563169,4.16603609501,-776.111723589,-680.888679409
73,1.45947458964,1.23537693912,1.71565232503,-673.306941237,-663.865771711
74,0.751677047953,0.617353448136,0.905689867745,-468.626592113,-463.992331448
75,1.48216793915,1.24700854718,1.75346418451,-559.87690411,-550.323705136
76,0.402128513114,0.300758502628,0.524843278738,-318.389461084,-290.591150267
77,0.786821027558,0.642344588394,0.954293754629,-353.825398878,-350.825969754
78,1.30409804211,1.09038589544,1.55041458138,-499.706286382,-495.554650379
79,2.2900467381,1.91363717985,2.71799669389,-673.794170655,-639.531754497
80,1.16576200983,0.979525689577,1.37870420723,-566.368615842,-564.870477228
81,0.346435476424,0.255771757328,0.456978445656,-277.804148454,-241.199208053
82,2.17700997477,1.8280831394,2.5737645845,-629.977516665,-597.305447845
83,0.908095004806,0.737691516078,1.10761492039,-585.157752263,-584.71494175
84,2.29456712885,1.92360047654,2.73798490229,-810.272635919,-770.381708878
85,2.04586987517,1.7398663336,2.3973964049,-765.035865826,-731.280563984
86,0.240684097289,0.162924355659,0.340431636799,-244.960716108,-197.296224521
87,0.66915336581,0.551807262692,0.803125997491,-487.459514654,-477.529405824
88,1.56944846109,1.29860480876,1.88164696423,-634.64986655,-624.447730633
89,0.0475617667897,0.0204060743869,0.0922177124132,-168.461483281,-57.2778508484
90,1.75108960298,1.49185759566,2.04612930068,-725.928205639,-704.331266067
91,0,0,10000,-3.30498754641,-3.30498754641
92,1.13404424976,0.93898433948,1.35957941491,-567.266728949,-566.401422588
93,0.597037707844,0.461599005222,0.758026920299,-278.363597538,-268.571872054
94,1.87708942879,1.56142604393,2.23588394392,-567.298039946,-547.488567867
95,1.00020676446,0.812189984955,1.21766981992,-350.925846777,-350.92584477
96,0.0312868448014,0.00970979024053,0.0727899627073,-143.391253416,-37.7407369761
97,0.515994457432,0.412252297289,0.636434462642,-487.884886554,-465.830448042
98,0.617105511769,0.490861259869,0.765533469887,-377.530563109,-367.110178499
99,0.0255275033312,0.00915073455631,0.0549039689544,-211.516909753,-44.1301112438
100,0.940013641053,0.759697179091,1.15059785653,-527.11268422,-526.93896378
101,0.0259859711739,0.00646208294156,0.0674683818428,-123.302957302,-25.0856842679
102,2.22076588975,1.88941734863,2.59575133722,-688.265343171,-648.018153979
103,0.00872250579607,0.000497740489974,0.0384433107247,-117.533744837,-12.4466800646
104,0.333038066787,0.237008617019,0.452978258113,-242.147762013,-210.236982453
105,0.288271857704,0.210931737397,0.382843517876,-277.360839913,-225.286506525
106,0.0711164736559,0.0254870426129,0.153016594442,-94.0277892981,-42.7801134116
107,0.0879066922182,0.0439919832922,0.154481586412,-143.308546082,-66.695198073
108,1.43847224208,1.22146449541,1.68463391386,-699.340548761,-690.284954674
109,0,0,0.0107047192081,-170.186161059,-2.63155727525
110,0.16708783526,0.0940599370233,0.270827891275,-132.316410946,-88.2051633779
111,0.978878006625,0.814265002225,1.16755661832,-456.979077955,-456.951925952
112,0.313279610708,0.228924200138,0.416791528986,-265.46203997,-222.657394962
113,0.798841714577,0.648402844551,0.975082296795,-430.989451471,-428.534148225
114,0.991937335563,0.79223693027,1.22726294332,-436.024364873,-436.021723845
115,0.51189399532,0.40235675821,0.641129914464,-328.435899204,-309.101078666
116,0.415434539327,0.306077221591,0.549378430207,-245.350804867,-222.391092422
117,2.14997853823,1.8188326949,2.53523970787,-688.087292017,-651.499674494
118,2.48998026288,2.09492271128,2.94115538505,-699.074892837,-653.812692619
119,2.43310783636,1.91728845395,3.04769499817,-399.776153746,-376.992715775
120,1.79745091155,1.07953836391,3.03660979524,-97.8122184854,-95.2949707813
121,2.91016348279,1.74277674749,5.42110946437,-103.278709267,-95.1957498427
122,1.84532590289,1.04029108354,3.29665510342,-59.6945773518,-57.5114220366
123,3.30023129433,1.46116456709,10000,-62.9693751773,-58.6828535353
124,1.04375581848,0.175774547882,10000,-10.2059967977,-10.2044378974
125,0,0,10000,-2.84333753288,-2.84333753288
126,0,0,10000,-3.13870979562,-3.13870979562
127,0,0,10000,-3.30498754641,-3.30498754641
128,0,0,10000,-2.42176370707,-2.42176370707
129,0,0,10000,-2.51015792157,-2.51015792157
130,2.39566534387,2.00210324025,2.85461263222,-634.608995853,-594.775165187
131,2.26343158568,1.90324739894,2.69690257566,-691.002747988,-650.928713448
132,2.16942931535,1.82115196229,2.58489840476,-707.599176949,-672.008691458
133,2.70121089457,2.03655448495,3.56695335598,-290.26741327,-269.120149525
134,1.64405207512,1.24001324303,2.14625810048,-226.160699161,-220.491121705
135,3.69053946121,3.02553375767,4.46187047897,-830.600846895,-744.594838556
136,1.90253338192,1.63210725455,2.21247836658,-723.394531015,-692.248262263
137,1.3784206198,0.0852336591865,7.96580431582,-8.77588358252,-8.72708976498
138,2.92412601168,0.297149997193,10000,-9.22461377864,-8.88954475245
139,1.2030071047,1.01035957721,1.42296826292,-718.150672915,-716.001728586
140,1.29329372853,1.08605532448,1.53030086899,-517.030956332,-512.942906452
141,0.286581721422,0.198777298329,0.397854567865,-204.725152574,-166.568526218
142,0.0700750806269,0.0319890038192,0.130670299071,-137.480564629,-55.5348148708
143,1.98284561707,1.62374979157,2.40033405801,-599.995951524,-579.91875532
144,0.607693960398,0.476350180293,0.762560240869,-342.741550184,-332.705894921
145,2.18452047751,1.82749466461,2.60797254614,-747.865471371,-713.520991095
146,0.964845679078,0.802896856078,1.150678494,-477.543005766,-477.466079558
147,0.553912944747,0.436315866451,0.692389647703,-354.440713644,-339.448343681
148,3.11985976193,2.62310278441,3.69490255908,-791.17286268,-721.901455494
149,1.88053090125,1.5712812661,2.24742299808,-721.426523049,-699.022254417
150,2.27126298038,1.92061390988,2.68671286579,-781.440309797,-738.815008628
151,0.0509761405061,0.0244541000288,0.0921372114073,-192.79267949,-62.7369438475
152,1.20818649046,1.00484141383,1.44345073247,-547.047364659,-545.026802368
153,0.027350508569,0.00454581014759,0.0844798274313,-84.6783942442,-21.1383711987
154,2.62433958391,2.24389742187,3.06944038749,-872.050383595,-806.374730741
155,0.014189481043,0.000809803357796,0.0625130242843,-78.99839419,-14.6751577106
156,2.5913690411,2.17843509463,3.08110044153,-775.360371036,-723.941814306
157,0.269097937628,0.185798652725,0.374709837084,-247.864742197,-205.134969727
158,2.98390485596,2.48083273087,3.59039630372,-780.832324344,-720.359188233
159,0,0,0.0269291068765,-72.926182041,-2.66155385177
160,2.70457895153,2.2514205358,3.24308609747,-800.185996314,-749.75516452
161,0.876345324394,0.721787783781,1.05475436036,-438.335662564,-437.373160947
162,2.4185490066,2.013675632,2.89044189105,-605.870889115,-567.032733266
163,0.134536907377,0.0826158016438,0.204880129906,-204.472262917,-124.196671467
164,5.1909529682,4.15061095968,6.4720263205,-965.086237845,-845.241771224
165,2.01026200005,1.69521406816,2.38213747839,-733.669618368,-703.345604016
166,3.27155008769,2.76784214203,3.88574962567,-898.5255986,-806.187980706
167,2.02372255251,1.71789048188,2.36905438285,-558.237887311,-527.429524525
168,1.61230436482,1.30295070457,1.96957953698,-441.738778125,-432.811143077
169,2.12827958431,1.79479109447,2.52105937332,-720.652817857,-685.653642076
170,0.236351556741,0.164082290783,0.32778892545,-231.86044822,-176.946869644
171,2.16803559296,1.83351208838,2.56389213997,-716.788310909,-677.794172566
172,0.227243720293,0.156915863815,0.316385765014,-236.0869394,-178.024830298
173,1.73576099257,1.46649794475,2.04003805801,-518.470357356,-499.891194129
174,1.82288402761,1.51684577585,2.17247643386,-546.063514002,-527.643116908
175,1.05348112821,0.864701012574,1.27402388463,-549.107141936,-548.969351324
176,2.28433550126,1.92223338127,2.70845936938,-739.726565164,-699.313573115
177,1.37019511571,1.14796349729,1.62871109313,-559.624815822,-553.687612597
178,1.32059273027,1.09236548897,1.58524570684,-480.246618793,-476.200174998
179,0.974412066825,0.799638636563,1.17607781525,-467.007294062,-466.972296006
180,1.40487274075,1.18161233277,1.66243461978,-585.219344704,-578.038579545
181,2.29274603879,1.95666686118,2.68916451951,-849.698145497,-800.493444905
182,0.556292871668,0.426590689945,0.711467428438,-280.856590293,-268.755907316
183,1.84296829237,1.52049665566,2.21091134626,-588.966024444,-571.776216764
184,2.37955740639,2.01293573026,2.82894647575,-817.24243738,-767.664841941
185,1.04673041518,0.839938917664,1.28851630949,-457.419524716,-457.332823533
186,0.922033661676,0.742422874148,1.13164731691,-382.066601073,-381.774715837
187,1.93475254165,1.64206205677,2.27498326161,-708.550881334,-680.038140686
188,2.02899940402,1.66705856982,2.4497509716,-584.535918638,-562.213431873
189,2.61011304542,2.21296926652,3.07122658522,-785.153215206,-727.702800152
190,2.33093492115,1.9752868452,2.74533793421,-741.88729435,-696.88201754
191,3.08090694887,2.60034235428,3.64534884899,-833.251874173,-759.334872479
192,1.29813366439,1.07749652864,1.55302052787,-481.059104525,-477.35322308
193,0.792382124756,0.628225444667,0.985844432338,-345.522224448,-343.33244875
194,1.4995070032,1.25139538705,1.78251756635,-552.98497158,-543.903343065
195,1.7777723184,1.49376393349,2.10644425918,-693.816881972,-674.410081971
196,2.09279312926,1.78717159312,2.4442386934,-747.68841325,-710.035796996
197,0.600591566884,0.432541572673,0.808200988838,-203.186855868,-197.095131343
198,3.10443932383,2.62351097402,3.7235894464,-870.904119154,-785.462440811
199,2.34037244711,2.00427882602,2.72958982941,-823.834979549,-772.040079535
200,3.84856884341,3.20831253128,4.59682163809,-833.490201545,-747.123505312
201,5.17964708554,4.08856275481,6.38163982808,-945.609336501,-830.224800015
202,2.54295850708,2.14773675883,2.99482161337,-714.258820351,-665.110872616
203,0,0,10000,-3.13972733555,-3.13972733555
204,0,0,10000,-2.63155727525,-2.63155727525
205,0,0,10000,-3.2735114566,-3.2735114566
206,0,0,10000,-2.51015792157,-2.51015792157
207,0.435424032696,0.332066225871,0.559406732802,-271.811569234,-246.462887738
208,2.79143088445,2.33168889191,3.49704524121,-842.572769013,-774.11241367
209,2.55456348296,2.16633977604,3.0027896026,-809.232428795,-755.161149077
210,1.01563166802,0.839053416431,1.21950663045,-441.889074318,-441.87587161
211,3.36198015897,2.8550612346,3.96295102621,-886.212281583,-792.85195804
212,3.3207134927,2.75601138941,4.10746065234,-866.236225972,-778.268050963
213,0.53649094486,0.258961659513,0.96646323787,-53.3077769255,-51.1326503285
214,2.86468623502,2.39232831723,3.40157278892,-670.367179618,-617.215645467
215,1.53401713879,1.26877537464,1.84280547124,-554.227705558,-544.933887732
216,1.65210447979,1.41038458903,1.92647700905,-662.194948564,-644.245043085
217,3.03248391354,2.53987250857,3.6295034628,-869.983942637,-797.695773713
218,1.6652412436,1.38164630582,1.99084547581,-505.890233575,-492.588647298
219,0.65960641804,0.516073234873,0.828873913788,-327.644403198,-320.880870156
220,2.35903642225,2.00608419695,2.77218847572,-771.451706573,-722.332454177
221,2.87062244076,2.42300407593,3.40312877609,-812.966367077,-745.771818017
222,0,0,10000,-2.51015792157,-2.51015792157
223,0,0,10000,-2.84333753288,-2.84333753288
224,0,0,10000,-3.06863353483,-3.06863353483
225,0,0,10000,-3.13870979562,-3.13870979562
226,0,0,10000,-2.80500550787,-2.80500550787
227,2.32208144525,1.96016518846,2.75275401771,-766.228446446,-722.144414642
228,0.55161752985,0.425462525426,0.701621673662,-281.800674486,-268.651603071
229,2.09049690704,1.7598442947,2.484720701,-759.674636365,-726.094684122
230,0.845616125669,0.639039745965,1.09410954884,-291.350461235,-290.559723127
231,2.74372216743,2.29332143122,3.28890495915,-758.377968504,-701.365180279
232,3.01570798289,2.51822434849,3.63013274476,-805.129522779,-737.95225886
233,0,0,10000,-3.2735114566,-3.2735114566
234,0,0,10000,-3.82374110704,-3.82374110704
235,1.23171901224,1.02238642953,1.47278705693,-557.791454752,-555.399688505
236,0.284325315157,0.181546811464,0.420062915765,-183.204610296,-155.507281107
237,3.09208102741,2.6094048204,3.7014388051,-890.542593345,-806.759151115
238,2.29245838793,1.94468624259,2.69887271933,-775.829498576,-730.968951906
239,2.2897054366,1.92312784362,2.73191985874,-695.695838561,-654.69227277
240,3.25393966356,2.72373217634,3.90872158172,-874.321260603,-792.313564263
241,0.758256249365,0.604335834911,0.938802685109,-444.038285801,-440.75811533
242,2.58587302426,2.16603849155,3.0772648425,-748.395362911,-700.128787656
243,2.83777781396,2.40563167214,3.3383128057,-781.591390828,-716.2261964
244,2.72677562999,2.30737578452,3.20504477888,-770.426682361,-713.046386493
245,2.27964380291,1.91262773335,2.70702995016,-706.476824456,-668.541344101
246,0.922290568578,0.741342794846,1.13392299785,-372.52531205,-372.240236322
247,1.0387134018,0.857268730505,1.24542833777,-520.492857615,-520.414125942
248,0.658001278634,0.529214634384,0.808581241205,-407.876831247,-399.515779567
249,0.353847095331,0.272263136422,0.450778930115,-344.289611152,-297.963577823
250,0,0,0.0148980765672,-127.129239339,-2.76791324542
251,0.135496460174,0.0792705714166,0.213924929477,-167.941557912,-102.027347175
252,2.0594521267,1.7334047103,2.43186760725,-623.030551642,-593.274948147
253,0,0,0.0103141179495,-183.587938292,-3.22067079365
254,0.475434457543,0.375219161457,0.591920384891,-419.131869214,-393.015991788
255,2.22106915732,1.86680776065,2.64530342373,-738.759557511,-700.930196111
256,2.24469617003,1.89132162601,2.66105641234,-780.333879714,-741.046138835
257,0,0,0.0107047192081,-170.186161059,-2.63155727525
258,1.48693800257,1.24099937965,1.77103080263,-534.617623699,-525.788438315
259,1.98071519057,1.66668444526,2.35664945008,-733.260996667,-704.707418869
260,1.7712018688,1.48942075483,2.09674643714,-569.651721922,-550.322967462
261,0.369038370649,0.285046260514,0.46844019837,-296.462799816,-252.996892995
262,0.685394438525,0.543233965341,0.852231219985,-376.604476749,-370.558971179
263,1.76708348898,1.49553109991,2.07803937217,-673.583794397,-652.972457198
264,0.168208851948,0.109335741527,0.24546730568,-210.028400262,-138.008272731
265,1.36168061811,1.12569350028,1.63920019342,-581.966090541,-577.0189422
266,2.00204189614,1.69852639419,2.35669134518,-724.855164605,-692.902086285
267,0.150094210223,0.0976555561576,0.218893099346,-209.86291646,-125.771816895
268,0.31381154288,0.239310065211,0.402704198973,-317.107482477,-260.314373374
269,0.632114102796,0.502183712199,0.784141327798,-386.059029571,-376.710110541
270,2.57566650964,2.17987468408,3.06077178187,-828.674931134,-768.120307217
271,0.233456291024,0.161195085994,0.325091680505,-230.454033918,-175.127024842
272,0.0259760100099,0.00806502189663,0.060387455764,-167.121521813,-34.9698464775
273,3.06864795894,2.60473105863,3.62198343199,-927.615572398,-845.147159212
274,0.545146920598,0.419099249922,0.695265007291,-323.88282278,-310.455629832
275,0.0643406509626,0.0309066727624,0.116067691436,-174.505059578,-71.6570113078
276,0.159862030104,0.108370979016,0.225693994335,-267.202328984,-171.668253766
277,1.1043831384,0.935669079111,1.29553763682,-579.942144116,-579.242066778
278,0,0,0.724980023628,-5.88794420995,-3.2735114566
279,0.447491056514,0.0288723288367,2.19766119817,-10.1080171782,-9.65643464833
280,0.764992907995,0.0401155434984,3.85428758277,-8.51262984324,-8.47822032822
281,0.735965667793,0.03667867124,10000,-7.55870940239,-7.52238806792
282,0,0,0.658612770618,-6.14553129811,-3.30498754641
283,4.98043134041,4.06868050784,6.26693403784,-992.504146953,-868.195644084
284,2.35411497886,1.95745131795,2.80907157094,-622.149181081,-586.621495546
285,0,0,10000,-2.42176370707,-2.42176370707
286,0,0,10000,-2.42176370707,-2.42176370707
287,0,0,10000,-2.51015792157,-2.51015792157
288,0,0,10000,-2.51015792157,-2.51015792157
289,0,0,10000,-2.76791324542,-2.76791324542
290,0,0,10000,-2.80254997897,-2.80254997897
291,0,0,10000,-3.13870979562,-3.13870979562
292,0,0,10000,-2.84333753288,-2.84333753288
293,1.19673451647,0.996727848505,1.42487105642,-505.775332507,-503.92130346
294,0.975971341799,0.768803558887,1.21833127269,-356.779223681,-356.757546936
295,0.647660643695,0.470571672011,0.865184784609,-241.72578737,-237.183194856
296,1.65543146765,1.40760464232,1.93791976847,-708.516068807,-691.261094368
297,2.72120665637,2.32557683142,3.16897330088,-775.029596069,-710.70069769
298,0,0,0.0107047192081,-170.186161059,-2.63155727525
299,0.308095744895,0.213970365236,0.427054217271,-215.989681401,-182.318614546
300,0.819637353473,0.686616102713,0.9706262869,-498.587450317,-495.910135492
301,0.923667616675,0.74399948554,1.13348956035,-354.170501151,-353.890790879
302,0.350075019574,0.266239884318,0.450789679581,-308.84435492,-266.496546205
303,0.486452709326,0.374212215261,0.619827257827,-328.652870769,-308.940983061
304,0.100214853398,0.0596665090973,0.156193266005,-223.506261475,-118.81603373
305,1.10950019095,0.908883508702,1.3428464677,-445.758929052,-445.225974138
306,2.35683710165,1.96917869503,2.82349621211,-798.72497589,-756.766207383
307,0.633745872719,0.507591828807,0.77997417138,-384.82688733,-374.785995057
308,1.33708477537,1.10293995062,1.61238437856,-668.315909117,-664.018795899
309,0.282692798301,0.19399408958,0.395523380982,-222.383909342,-184.583619423
310,3.61499806243,2.99097981796,4.38498127607,-931.834845706,-836.234129932
311,1.61037501708,1.35295552431,1.90555521958,-668.387636817,-654.945246469
312,1.90573917186,1.63147231617,2.21638342828,-750.082674205,-720.352588505
313,0.0703791007955,0.0252208745873,0.151459776191,-91.175037386,-39.3472655397
314,0.784119368837,0.633274205952,0.959320794595,-468.649151962,-465.823502359
315,1.17517213848,0.962198202779,1.42100324413,-496.722366898,-495.457793076
316,4.88718934628,4.05913929067,5.87788188236,-933.841138,-818.592862105
317,1.0401030653,0.821745554337,1.29521039088,-388.584524718,-388.527701882
318,0.412871051698,0.314397388684,0.53085716357,-301.141450174,-271.91810278
319,0.0349479485246,0.0108410213436,0.081311506787,-121.534465986,-28.0796007042
320,2.01344136828,1.72045097217,2.35212479977,-807.220615388,-772.406486712
321,0.648645905656,0.530990303907,0.784587367743,-468.983133895,-458.233880823
322,0,0,0.0111950428771,-162.590842916,-2.84333753288
323,0.0644100227794,0.0333844433308,0.110619897112,-192.820944743,-72.4541402865
324,1.45058378415,1.17344194619,1.77525675521,-399.561989679,-393.873927797
325,1.89903366625,1.55533294489,2.31302185154,-588.623641667,-570.376266202
326,0.0140156388647,0.000799846548606,0.0617557664486,-76.2319337412,-11.21361774
327,1.68999678461,1.41695085411,2.01041259961,-667.045683773,-650.841033191
328,0.0100743843196,0.00167424266925,0.0311258055889,-201.103945137,-19.7193869411
329,0.658157558381,0.520854799549,0.819888940309,-390.209451197,-382.849989623
330,0.369050245518,0.238214478483,0.540621374019,-180.56066937,-164.066965281
331,0.634183130338,0.510603112936,0.778202086133,-328.991168377,-318.818483616
332,0.0331174527964,0.0102750582039,0.0770897748022,-129.263342086,-31.422911474
333,0,0,0.0123490818333,-155.339177412,-3.32607577252
334,0,0,0.0167337849844,-114.098271687,-3.14227572444
335,1.46396339571,1.23589329492,1.72321502321,-664.739120542,-655.4933797
336,0.619531789623,0.496611151693,0.763353069191,-391.13009233,-380.285490811
337,0.0893173275773,0.0532485361225,0.13895608031,-241.898128677,-114.655432318
338,1.63083890128,1.39725046852,1.89608773086,-703.712045335,-685.780835765
339,2.30554805708,1.95774444621,2.71284400727,-816.796582379,-770.829263333
340,2.91020175227,2.43273982893,3.54151495202,-891.695401814,-819.973051305
341,0.822876491966,0.659695345726,1.01339682081,-360.960376264,-359.283457453
342,1.5028101932,1.28281620129,1.75176112447,-648.966821553,-636.944812633
343,0.824591124484,0.667586719794,1.00672204819,-418.787496054,-416.996805946
344,0.404792930227,0.27225852452,0.575207624429,-185.160447536,-169.677053891
345,0.444523620648,0.340172172521,0.569345771503,-279.135989519,-254.548433465
346,0,0,0.0158817702551,-117.866437533,-2.51015792157
347,0.839591008002,0.679958087887,1.02571706538,-412.211602772,-410.75620981
348,0.00826442854179,0.000471563231193,0.0364349681563,-120.1724067,-10.5400819107
349,0.070836006814,0.0378475904164,0.119195787242,-180.992660751,-65.5381228107
350,0,0,0.0125887396006,-146.350593358,-2.80254997897
351,0.0964929129549,0.0542787656523,0.156571734475,-179.978762057,-86.183277466
352,0.279763521605,0.174061281747,0.42191323459,-128.40527977,-103.027347271
353,1.16570337985,0.917068336022,1.45664929339,-325.687510003,-324.882097408
354,0.18620688664,0.127067657474,0.2617295581,-260.467730237,-185.482271566
355,2.53373323681,2.16274380015,2.95356621482,-652.660586761,-597.094755784
356,2.47193952719,2.07068613525,2.94246489321,-756.958097981,-704.42025841
357,3.17596131672,2.65948027729,3.76920184323,-784.355911325,-720.005871425
358,0.00871334997545,0.000497218377045,0.0384028562893,-116.184822127,-10.976924114
359,0.296211038677,0.210581171843,0.402655664426,-283.889816648,-242.14484935
360,1.20721505595,1.01332974337,1.42887082407,-550.012867868,-547.797462988
361,0,0,0.0125887396006,-146.350593358,-2.80254997897
362,0.0528816827162,0.0253650462062,0.0956000164953,-175.051332324,-50.9014703773
363,0.0511195932593,0.0233483188672,0.0952420928103,-173.668453807,-52.088282323
364,0.00776369037749,0.000443033102906,0.0342156150462,-130.255455116,-11.8676672801
365,0.0127669519444,0.00212174759396,0.0394454117692,-160.888016507,-18.2712062957
366,0.132449321249,0.0760953722331,0.211729507468,-152.854212657,-87.4589820081
367,0.0235389758866,0.00391202095199,0.0727218166202,-93.3649865735,-18.7624760508
368,0.364845163806,0.278035047106,0.469081079426,-276.315720828,-237.231906425
369,0.497794892357,0.398948239845,0.612484946072,-426.359275507,-400.993071121
370,0.0562069057262,0.0174455571406,0.130724081265,-87.485120622,-32.8279778056
371,0.913182063191,0.758344955563,1.08964554911,-478.254406413,-477.758859216
372,0.0434118351358,0.0155550810737,0.0934447266836,-127.824539815,-36.4798175636
373,0.55335718831,0.448591391091,0.674002766527,-424.781401533,-405.214325633
374,3.13903096861,2.65977393791,3.6845885253,-753.522129181,-679.211716386
375,1.46223084626,1.20648251092,1.7650788345,-633.628376765,-626.33125991
376,0.0093352692024,0.00155136941409,0.028844239907,-214.85467892,-19.8733611843
377,0.92908499428,0.762060983791,1.12102902541,-425.447789637,-425.162372495
378,1.44361972994,1.20440994924,1.71969028522,-612.432567868,-604.854551103
379,1.27725276148,1.05934116923,1.52885733368,-447.53457033,-444.290483667
380,0.00872078498842,0.000497642235145,0.0384357135346,-117.713846777,-12.605868728
381,1.14465061828,0.961438612908,1.35439757381,-509.423983755,-508.261618163
382,1.33254846892,1.11193534873,1.58667905672,-462.66042786,-457.940101707
383,0.0349904526548,0.0138907205092,0.0710527105135,-186.813897742,-51.3064769724
384,0.016606617021,0.00275872814132,0.0513615950457,-123.181364929,-18.3735376054
385,2.16059716496,1.8153680424,2.56807798973,-735.826057746,-700.653889036
386,0.475713247214,0.367995447943,0.603558562899,-339.382091151,-317.431854815
387,0.323480617117,0.248318352761,0.412883410566,-401.615859357,-346.361499465
388,3.74155222363,3.0558198892,4.74993577104,-952.662615632,-853.352504291
389,1.0696111877,0.879870761108,1.28836658733,-541.462982572,-541.227241813
390,0.260650062857,0.1839868822,0.356614126309,-254.44149153,-203.754343792
391,0.99503275208,0.818095704641,1.20061474469,-465.727119714,-465.725820562
392,1.76448330079,1.48675695912,2.09012092144,-683.064938473,-663.082351727
393,3.03268035381,2.48120050245,3.85253770369,-864.187774019,-797.993807631
394,1.8062908364,1.52116026693,2.13819127834,-664.58470568,-643.299091195
395,1.45064214302,1.22873694209,1.70245453141,-625.643262467,-616.466383512
396,0.525908972855,0.379960912078,0.705073571479,-231.340935396,-220.882418622
397,0.348506413525,0.226614741031,0.508323254015,-166.182766826,-147.058863154
398,1.93961753663,1.64972041946,2.27363676663,-815.662472027,-786.334811329
399,1.70452317847,1.45186309664,1.99454368499,-784.047978339,-764.227676083
400,3.41456077091,2.91253319651,3.97810253038,-756.872685485,-669.316740549
401,1.55719792778,1.33025580741,1.81506524258,-732.655628546,-718.347473034
402,2.21146103847,1.87651388252,2.60708908887,-756.760447157,-714.511709419
403,3.19448880282,2.68332726899,3.78654331255,-793.853653156,-722.254488439
404,0.873565499234,0.719485958779,1.04954227544,-516.501662629,-515.474500914
405,1.65657120837,1.40460653774,1.94649827931,-621.817297425,-604.958162268
406,1.57289475062,1.3230323483,1.86041312584,-648.698033045,-636.283105335
407,1.0626373323,0.882563826241,1.26924965059,-530.662990106,-530.450926053
408,0.726487408832,0.586631724851,0.889352820839,-404.529762244,-399.588903625
409,1.35512184342,1.13145630459,1.60924463036,-527.882032602,-522.615154192
410,0.834478089412,0.684767295853,1.00718425862,-411.763925688,-409.989694779
411,1.09539972262,0.897781921077,1.32363351758,-442.792883408,-442.378557976
412,1.0339835473,0.857499943445,1.23536567498,-532.508631278,-532.444736404
413,1.35354781375,1.15193522622,1.58366073321,-673.967113295,-667.386099134
414,0.0852784591437,0.0338727524872,0.173009426789,-95.1096119398,-46.3578949447
415,0.374337762463,0.27306017545,0.499046314973,-236.966215682,-208.828385195
416,1.30156237652,1.08705655722,1.54844137287,-514.093774866,-510.055079736
417,1.69639637113,1.4289232864,2.00480966921,-615.104750868,-597.977147764
418,0.409452084114,0.297074434726,0.548315761095,-267.768289306,-245.810001684
419,0.299920791757,0.186789189276,0.451738107331,-161.337031413,-139.022264098
420,1.10707657641,0.909608627631,1.33592031067,-413.388000015,-412.861352671
421,0.406354924782,0.298448360653,0.538799034157,-271.209950778,-247.363339601
422,1.69480492139,1.44514626297,1.9812534602,-741.914937574,-722.191683491
423,0.970593580263,0.496077343397,1.74958074239,-40.0066931145,-40.0021979391
424,1.2710904094,0.681739526208,2.26035019585,-47.9187400695,-47.6097443396
425,0.59564453274,0.267700364136,1.14469119036,-33.7950001594,-32.6305067441
426,3.42025890528,1.78347187968,6.92001461957,-63.5306976337,-57.4386194351
427,0.0704736619925,0.025256077074,0.151647578624,-90.9444698488,-39.1521656957
428,2.03812563311,1.73086156296,2.39008196077,-687.285454319,-654.548772065
429,1.25847616031,1.04571420258,1.50461244183,-529.50201647,-526.570447039
430,1.28939827504,1.08030201987,1.52824450018,-504.00941452,-500.119021514
431,2.13942440307,1.81240882384,2.52528512499,-772.184038121,-734.083496055
432,1.07438375759,0.866012903398,1.31785892963,-434.771662759,-434.55086877
433,0.504257752775,0.394306320164,0.634731707531,-326.780045997,-307.483383497
434,1.58884621916,1.33077128995,1.89163632775,-657.624433847,-645.020213085
435,2.22943329421,1.8816555771,2.64400691278,-788.786174394,-748.35924792
436,0,0,10000,-2.66155385177,-2.66155385177
437,0,0,10000,-2.63155727525,-2.63155727525
438,0,0,10000,-3.22067079365,-3.22067079365
439,0,0,10000,-2.63155727525,-2.63155727525
440,0,0,10000,-2.63155727525,-2.63155727525
441,0,0,10000,-3.22067079365,-3.22067079365
442,1.68469725856,1.41457279647,2.00027275781,-684.008108312,-667.822185998
443,1.00460773164,0.825962232237,1.21036896542,-509.383215408,-509.382102226
444,0.828546260107,0.661888932926,1.0228741213,-388.689941736,-387.169649788
445,0.93488468398,0.772745947196,1.12071001531,-458.316786561,-458.059617647
446,2.55022993339,2.11411023711,3.10487822033,-773.789493135,-730.437283418
447,0.392382047991,0.286450467663,0.522303669555,-204.311115399,-178.643363192
448,0.698440378914,0.549587993556,0.873420888015,-278.935921175,-273.774348772
449,0.0852462498803,0.0499581132323,0.134263937489,-214.602449102,-86.7366559015
450,0,0,0.0123490818333,-155.339177412,-3.32607577252
451,1.64976092554,1.35753114343,1.98902950426,-596.102809436,-584.308530458
452,1.56284731146,1.31969311633,1.83835247596,-639.805472664,-627.381674191
453,0.856595663283,0.657579301863,1.09446237089,-307.415775001,-306.670127907
454,0,0,0.0123490818333,-155.339177412,-3.32607577252
455,0.193532827056,0.108974589277,0.313555758128,-123.716867051,-88.6558683808
456,0.212693845774,0.139369692208,0.308667855307,-175.857275912,-125.431928365
457,0,0,0.0269291068765,-72.926182041,-2.66155385177
458,0.763969588974,0.613546476939,0.939155307818,-363.592731924,-360.267486341
459,0.00657878361069,0.00037537716685,0.0290042195034,-149.031719065,-11.9529134075
460,0.00576890178009,0.000329183298573,0.0254291379809,-169.023994563,-12.357025816
461,0,0,0.0123490818333,-155.339177412,-3.32607577252
462,0,0,0.0125887396006,-146.350593358,-2.80254997897
463,0,0,10000,-3.82374110704,-3.82374110704
464,0,0,10000,-2.63155727525,-2.63155727525
465,3.61941622959,0.172255693254,10000,-6.93700601953,-6.53930118655
466,0.273690473539,0.199048654603,0.365656168469,-290.643645691,-237.090026325
467,0.0286353910099,0.00475895159718,0.0884687487028,-82.0948688092,-22.0800554592
468,2.62314046978,2.22644481524,3.08552210252,-771.274149419,-712.413328024
469,0.0629343595446,0.0270110258901,0.121949463205,-139.809911323,-58.1419178862
470,1.21231711571,1.01972725458,1.43074462675,-595.019949784,-592.653297431
471,4.12825662161,3.152887972,5.65060150733,-474.997194343,-418.552437492
472,4.51170260662,3.02821930198,6.58242805902,-170.515762668,-154.932707588
473,1.3253225469,0.0727404819095,10000,-6.80601928441,-6.77264993811
474,5.13206378512,0.441492592032,10000,-9.20778554435,-8.41449601789
475,1.59996081308,1.19591910621,2.11090299229,-194.451210411,-189.627888208
476,88.6924946258,0.560326373319,10000,-15.226965522,-14.5294432249
477,0.204738521221,0.0115183924616,0.969645744844,-10.9429248803,-8.92794689878
478,0,0,0.379452983606,-8.16655702415,-3.30498754641
479,1.1652654679,0.18760681134,4.6841219956,-11.6118627001,-11.5918108466
480,0.464582211476,0.0743937479367,1.70359124703,-10.4951069958,-9.8661016678
481,0.245353614505,0.0138013127098,1.1487627758,-8.33333189037,-6.81340142627
482,0.166423927609,0.00941702775456,0.761398401401,-10.2406582471,-7.29984205571
483,0,0,0.307312395667,-9.12322834107,-3.13870979562
484,0,0,0.329281322511,-8.79507189528,-3.22067079365
485,2.18474233107,0.531675370691,10000,-17.5672001693,-16.977408737
486,3.51729243402,2.95161672464,4.20378214478,-861.675261554,-771.124174008
487,2.44125790642,2.07264921845,2.86906202431,-734.697154679,-683.951247233
488,2.2444371019,1.79534425927,2.7751139011,-401.491413574,-379.614156215
489,1.67270390663,1.36412969098,2.0443742055,-487.743698893,-476.054181466
490,1.70522624511,0.868544031462,3.48759191079,-53.7277210157,-52.5020548795
491,5.71900619875,0.17697208687,10000,-5.94931287364,-5.41828592343
492,89.9148483068,0.187978485182,10000,-6.15541993964,-5.43656278312
493,0.697487602045,0.0347768144188,10000,-5.18203570471,-5.13674354488
494,6.00121902043,0.793609896676,10000,-10.4341633477,-8.91415053792
495,2.9727423109,0.396269406297,10000,-8.26464044791,-7.64668215364
496,1.23432724047,0.319134649287,3.82366791667,-13.0244385748,-12.9626779076
497,4.38886139954,0.735636188493,10000,-17.5395485398,-16.3176810394
498,89.9147972231,1.19603012629,10000,-31.5677715968,-29.0521817397
499,3.15199223257,1.44772485547,6.89211609059,-48.2350518724,-44.1672305775
500,1.75303822233,0.858029371795,4.88027952236,-42.5700964258,-41.3576705811
501,2.17719753269,1.00181275944,4.67597948761,-49.831102183,-47.9018887309
502,1.04421347975,0.37012323441,2.31238822891,-28.5538244962,-28.5493949087
503,1.36970707737,0.714546630927,2.62403583706,-47.7484141814,-47.2837736394
504,0.931846019747,0.480611884223,1.64488497615,-47.3460250957,-47.3194984004
505,0.360747128276,0.0892352754169,0.947265076144,-21.3160908847,-19.1307837545
506,1.107903466,0.817776034283,1.45999445737,-277.4278958,-277.194519758
507,0.373731991339,0.273969897991,0.495924015499,-262.320651553,-232.852706222
508,3.97920378436,3.3434565569,4.75633168963,-923.585818627,-813.25660295
509,0.390150583396,0.282539960569,0.523145900121,-266.43290897,-241.994441121
510,0.796717073233,0.654532709682,0.960876470269,-460.923696386,-458.069715131
511,1.26687373656,1.02459112756,1.54619732001,-404.82938252,-402.461357382
512,0.0843693315288,0.0335072805817,0.171199827485,-95.5897442276,-46.2657794009
513,0.199308578644,0.140242250054,0.273151914747,-320.980576207,-239.403473098
514,0.336957020908,0.252883582381,0.438843966001,-316.129662842,-273.983971261
515,0.902564453913,0.725819133064,1.10865019572,-389.142042839,-388.678025654
516,0.00638589427749,0.000364463761048,0.0281290788189,-158.12206421,-10.9199999317
517,0.421263922263,0.32673108765,0.533528838511,-267.155580744,-236.001423698
518,0,0,0.0107047192081,-170.186161059,-2.63155727525
519,0,0,0.0226130939317,-87.1472158466,-3.06863353483
520,0.0140094949907,0.000799494920605,0.0617289495593,-75.4348768511,-10.3928374039
521,0.945182597158,0.759504963248,1.16269254866,-408.13494153,-407.997978257
522,0,0,0.0167337849844,-114.098271687,-3.14227572444
523,0.464853226646,0.36253861394,0.586284899063,-294.602345015,-270.169101929
524,0,0,2.47747446647,-3.92284119126,-3.06863353483
525,0,0,10000,-2.51015792157,-2.51015792157
526,0,0,10000,-3.32607577252,-3.32607577252
527,0,0,10000,-2.80254997897,-2.80254997897
528,0,0,10000,-2.80500550787,-2.80500550787
529,0,0,10000,-3.30498754641,-3.30498754641
530,0,0,10000,-2.63155727525,-2.63155727525
531,1.79193880503,1.51035502669,2.11843853766,-668.656341824,-647.830774901
532,1.59240490663,1.31009483609,1.91560561061,-492.512764831,-482.400444977
533,1.14639414169,0.941101701097,1.38382320313,-496.175771443,-495.240945567
534,2.35418197046,2.0040235163,2.76172872222,-795.177226106,-746.352261662
535,2.0576152106,1.60173644659,2.64841667434,-376.400302073,-361.182568428
536,0.998544268735,0.462168964034,1.9453354126,-53.0106377738,-53.0106295954
537,0.306983313161,0.109088337563,0.671924080946,-33.3002709676,-28.3158990453
538,0.0469283267291,0.00266956222442,0.209261833813,-25.9915480105,-10.3438638486
539,0.890197066956,0.445221800923,1.62843517535,-56.4394989301,-56.374514598
540,0,0,0.0751946887921,-27.553850165,-3.15060312728
541,0,0,0.190347799137,-13.0542187554,-3.06863353483
542,2.26917785672,1.92525171823,2.66747119747,-741.612898032,-698.660754978
543,0.384519459553,0.293719286164,0.493394266992,-294.273459928,-259.174164582
544,1.94748903279,1.61405223319,2.32860784756,-577.925870857,-556.650549666
545,1.84405929559,1.54739749015,2.19577779393,-739.035896242,-716.743747207
546,1.70914746507,1.46037200902,1.99245357445,-679.926941756,-659.199099491
547,1.94704296794,1.62728070654,2.30974301384,-515.616996001,-492.444337478
548,1.24868147862,1.03451891754,1.49393978369,-571.619486992,-568.96738698
549,0.95739494183,0.739475666461,1.21786842763,-348.660975945,-348.6015599
550,0.0593116195061,0.0296612777367,0.104341841946,-183.42864435,-63.4806340698
551,0.0560274219523,0.0173833156784,0.130305757681,-83.8201217172,-28.9507764994
552,0.494823215588,0.389721231067,0.618826855132,-280.98781118,-259.198438249
553,0,0,0.0148980765672,-127.129239339,-2.76791324542
554,0.0292979212241,0.0104932367407,0.0631151989435,-171.282850179,-34.5009181556
555,0,0,0.0107047192081,-170.186161059,-2.63155727525
556,0.0131137780374,0.00217844387313,0.0405610655723,-148.39683397,-15.3974425255
557,0.321284697519,0.23691948163,0.42451943885,-253.973787393,-211.78534692
558,0.904138855908,0.748527519863,1.08287088065,-387.34650607,-386.758569788
559,1.39124414664,1.14507976225,1.67798091999,-503.312990223,-497.950939049
560,0.665696076941,0.539516295655,0.812001767633,-332.046619724,-323.519547348
561,0.0919508938881,0.0517657267312,0.149019496701,-201.542336113,-99.225498685
562,2.07209016849,1.74473251291,2.46031275206,-731.733260083,-699.122390029
563,2.74469815545,2.32759075503,3.30222698016,-861.522889589,-791.824668941
564,0.127631147193,0.061271176169,0.230428253421,-104.017786569,-61.8349212941
565,0,0,10000,-3.06863353483,-3.06863353483
566,2.04160577926,1.72180921739,2.41527038256,-892.981727891,-862.090833519
567,0.626387329517,0.499959265939,0.774503410592,-423.942995456,-413.94767566
568,1.63475550766,1.36298074018,1.95233111798,-715.104525649,-701.825921967
569,0.31840303627,0.224523526525,0.436214066752,-214.765558832,-181.197304648
570,0.219669969233,0.153626365882,0.302537970242,-242.052731559,-175.022632658
571,1.87811977275,1.58409103616,2.21950492822,-719.790565764,-695.456392291
572,3.12463777525,2.55687038314,3.78246180549,-743.029375052,-686.026359148
573,0.567319057185,0.449429243302,0.706015957409,-378.183572321,-363.976063932
574,0.938323681569,0.727883350329,1.18683099949,-394.184180033,-394.050774758
575,0.256992898626,0.186598818526,0.343451099262,-323.604654355,-261.764352299
576,2.05199778184,1.74529759265,2.40584668346,-756.85689148,-722.28131651
577,1.49211864333,1.2636377268,1.75401952625,-581.670628386,-571.037667002
578,2.04951949734,1.71900720354,2.43661840037,-661.419951414,-632.181034681
579,0.991851216816,0.821509320962,1.18873683032,-447.635155773,-447.631372673
580,0.190497609976,0.130533582867,0.267043682172,-217.555672216,-144.72586318
581,0.0284562720748,0.0101930760953,0.0612879396657,-184.663472283,-42.7093063791
582,0.790229820753,0.634874274649,0.97111709024,-446.342484977,-443.815903112
583,0.562052435229,0.42247955079,0.731487172901,-286.246692051,-276.153191312
584,0.0885424153629,0.0509092362673,0.14138844807,-218.030646392,-103.810163384
585,1.21179126777,0.988286882972,1.47247328525,-521.987539546,-520.277686797
586,3.14503714751,2.60678694568,3.82078378743,-748.925097898,-680.52918427
587,1.5303474254,1.22982008497,1.88770577191,-412.129482303,-405.174043519
588,2.55092507703,2.04054920685,3.16886834792,-406.242189398,-376.597760171
589,3.52432643796,2.6311792466,5.1702025203,-399.140502475,-359.564863613
590,2.44689614077,1.80994191611,3.33463294741,-264.506333235,-248.512971351
591,3.58728638472,2.40151987904,6.07254565911,-196.666784261,-176.51001557
592,3.11996902431,2.00492491938,5.26449025604,-140.501346135,-128.24658447
593,4.95705123465,1.87058751761,18.5153201168,-73.8132398269,-66.5173117944
594,6.77229621576,2.4029965122,10000,-65.6759734415,-56.4129271531
595,1.98629606007,0.908617579442,5.14199357572,-40.5553335575,-39.0535309763
596,7.40681381354,1.46796191725,10000,-29.5731311011,-26.2162908874
597,3.1621929124,0.903749059147,10000,-21.4175689372,-19.8031531964
598,89.9147972231,0.534802170719,10000,-15.4475294167,-14.5697379153
599,89.9148483068,1.02963072176,10000,-12.4007904825,-10.4497829403
600,89.9136128425,0.650358732984,10000,-10.8151816811,-9.37742827694
601,89.9148483068,0.342940329768,10000,-6.94320652471,-6.02567630152
602,1.53946145557,0.0585323890674,10000,-5.24046365109,-5.20646942805
603,0,0,10000,-2.66155385177,-2.66155385177