site,MLE,Lower,Upper,LogL_global,LogL_local
1,0,0,2.41142517094,-4.08614570126,-3.27486327198
2,1.52904921242,0.0836007957906,10000,-8.00929507249,-7.93677244582
3,91.1658986175,1.11637234591,10000,-10.890829802,-8.80322816686
4,0,0,2.58577829245,-3.36734634775,-2.5937978387
5,1.67445043178,0.0885937677977,10000,-7.48127150311,-7.38291406909
6,1.71136205578,0.0898017840909,10000,-7.83528033685,-7.73047178898
7,1.71136205578,0.0898017840909,10000,-7.83528033685,-7.73047178898
8,91.1658986175,1.11637234591,10000,-11.3997037228,-9.31210208765
9,91.1658986175,1.11637234591,10000,-10.8198928273,-8.73229119211
10,91.1658986175,1.36667266886,10000,-11.5830891434,-9.13998898175
11,1.67445043178,0.0886513803265,10000,-8.68542176873,-8.58676137986
12,1.65052675337,0.0878296751403,10000,-7.62470635077,-7.53043824455
13,0,0,2.5568476553,-3.45298147636,-2.67361640092
14,1.67445043178,0.0886513803265,10000,-7.83969814838,-7.74103775951
15,0,0,2.53594275347,-3.52062601951,-2.73695424753
16,91.1658986175,1.11637234591,10000,-10.667756409,-8.58015477381
17,1.65052675337,0.0878296751403,10000,-7.84823440461,-7.75396629839
18,1.67445043178,0.0886513803265,10000,-8.68542176873,-8.58676137986
19,1.60605087347,0.0863803241016,10000,-7.82560170385,-7.73912168048
20,1.51752019575,0.0831644109406,10000,-8.21764099024,-8.14730175891
21,1.65052675337,0.0878296751403,10000,-8.43059104578,-8.33632293955
22,1.65052675337,0.0878296751403,10000,-7.62470635077,-7.53043824455
23,91.1658986175,1.11637234591,10000,-11.6252302288,-9.53762859367
24,1.48030435365,0.0818825785265,10000,-8.3820111567,-8.31800539783
25,91.1658986175,1.11637234591,10000,-10.8092082039,-8.72160656878
26,1.99869822867,0.10745180839,10000,-7.19020521612,-7.01314388167
27,1.67445043178,0.0885937677977,10000,-7.78461811918,-7.68626068516
28,1.66253139937,0.0897746491579,10000,-7.88371617463,-7.78401970862
29,91.1658986175,1.11637234591,10000,-10.570003437,-8.48240180184
30,1.59718130473,0.0859510563433,10000,-7.86349443965,-7.77871940656
31,1.58512991415,0.0855355708191,10000,-7.8402859102,-7.75766176474
32,1.58512991415,0.0855355708191,10000,-7.8402859102,-7.75766176474
33,1.67445043178,0.0885937677977,10000,-7.75307290444,-7.65471547042
34,2.16271962851,0.0973847815601,10000,-8.85266582837,-8.69433447036
35,2.16271926222,0.097384781632,10000,-8.50912195507,-8.35079059706
36,1.63315031431,0.0872495537296,10000,-7.90031096644,-7.80915153297
37,91.1658986175,1.11637234591,10000,-10.3995070096,-8.31190537442
38,91.1658986175,1.11637234591,10000,-11.0224335703,-8.93483193512
39,1.52904921242,0.0836007957906,10000,-8.69036050577,-8.6178378791
40,1.52904921242,0.0836007957906,10000,-8.71578180194,-8.64325917527
41,91.1658986175,1.11637234591,10000,-10.6139709373,-8.52636930215
42,1.52904921242,0.0836007957906,10000,-8.35449312348,-8.28197049681
43,1.7113620557,0.0898017840909,10000,-7.75342478196,-7.64861623409
44,1.80794963011,0.0894378575778,10000,-9.0238301037,-8.91102530092
45,91.1658986175,0.497212016123,10000,-7.271735282,-5.97390096907
46,91.1658986175,0.497212016123,10000,-7.2759255532,-5.97809124027
47,91.1658986175,1.11637234591,10000,-11.1057483905,-9.01814675538
48,1.64090814291,0.0848575763646,10000,-9.04946735704,-8.96225632359
49,91.1658986175,1.11637234591,10000,-10.6767364184,-8.58913478328
50,91.1658986175,1.11637234591,10000,-10.8374989911,-8.74989735599
51,1.52904921242,0.0836007957906,10000,-8.15677201342,-8.08424938675
52,91.1658986175,1.11637234591,10000,-11.2560770976,-9.16847546244
53,91.1658986175,1.11637234591,10000,-10.4485488872,-8.36094725206
54,91.1658986175,1.11637234591,10000,-11.1562092908,-9.06860765562
55,1.71136181442,0.089801784096,10000,-7.97163031621,-7.86682176834
56,1.63315031427,0.0872495537297,10000,-7.94922258318,-7.85806314971
57,1.65052675337,0.0878296751403,10000,-7.62889662197,-7.53462851575
58,1.66253139927,0.089774649158,10000,-7.81605779593,-7.71636132992
59,91.1658986175,1.11637234591,10000,-10.7953415926,-8.70773995748
60,0,0,2.52102056375,-3.57233977599,-2.7855389317
61,1.60605087347,0.0863803241016,10000,-7.82992223595,-7.74344221257
62,91.1658986175,1.11637234591,10000,-10.560471418,-8.47286978284
63,1.51752019575,0.0831644109407,10000,-8.37783119748,-8.30749196615
64,91.1658986175,1.11637234591,10000,-10.5728733476,-8.48527171246
65,1.52904921242,0.0836007957906,10000,-8.09330390592,-8.02078127925
66,0,0,2.55541100302,-3.45746489065,-2.67780667212
67,1.58512975837,0.085535570895,10000,-7.8444761814,-7.76185203594
68,91.1658986175,1.11637234591,10000,-10.6650167592,-8.57741512408
69,2.02418265631,0.108551901871,10000,-6.63377715713,-6.45170165793
70,1.67445043178,0.0886513803265,10000,-7.82195334322,-7.72329295435
71,1.98038205295,0.106685725242,10000,-6.72075784462,-6.54757632683
72,91.1658986175,1.11637234591,10000,-10.8661152305,-8.7785135953
73,1.47766930962,0.0817386732194,10000,-9.03320625162,-8.96990096931
74,1.67445043178,0.0885937677977,10000,-7.62874844403,-7.53039101002
75,1.60605087347,0.0863803241016,10000,-7.82560170385,-7.73912168048
76,91.1658986175,1.11637234591,10000,-10.6462699973,-8.55866836212
77,1.71136200547,0.089801784092,10000,-7.47030048804,-7.36549194016
78,1.59718124287,0.0859510563467,10000,-8.29716588913,-8.21239085603
79,2.03778505629,0.109748124687,19.9669084676,-7.28795496319,-7.10113893231
80,1.60605087347,0.0863803241016,10000,-7.76645412845,-7.67997410507
81,1.47766900988,0.0817386733068,10000,-8.469875931,-8.40657064869
82,91.1658986175,1.11637234591,10000,-10.2245636399,-8.13696200475
83,1.59718124379,0.0859510563467,10000,-7.98781890006,-7.90304386697
84,1.47766930963,0.0817386732194,10000,-8.67191757316,-8.60861229084
85,91.1658986175,1.11637234591,10000,-10.5561508859,-8.46854925074
86,1.65052675337,0.0877740731259,10000,-7.69268166952,-7.5986990994
87,91.1658986175,1.11637234591,10000,-10.6773087839,-8.58970714875
88,2.37956041372,0.100894435033,10000,-8.13303716041,-7.95340697458
89,1.98038205295,0.0937192010463,10000,-8.26944784076,-8.13290701707
90,1.67445043178,0.0886513803265,10000,-8.18324202168,-8.08458163281
91,1.67445043178,0.0886513803265,10000,-8.05790368264,-7.95924329376
92,91.1658986175,1.11637234591,10000,-10.8997449774,-8.81214334228
93,2.04598584613,0.0949253346888,10000,-8.41071421301,-8.26583983459
94,91.1658986175,1.11637234591,10000,-10.8374989911,-8.74989735599
95,1.67445043178,0.0886513803265,10000,-7.56076412566,-7.46210373679
96,91.1658986175,1.11637234591,10000,-10.336169163,-8.24856752782
97,1.51162925585,0.083035433277,10000,-8.80123556409,-8.73154165703
98,91.1658986175,1.11637234591,10000,-10.6086088336,-8.5210071984
99,1.66030406898,0.0897657163841,10000,-7.82702973835,-7.72770818088
100,1.58512975837,0.085535570895,10000,-7.8444761814,-7.76185203594
101,91.1658986175,1.11637234591,10000,-10.6192934569,-8.53169182174
102,1.71136200547,0.089801784092,10000,-7.47030048804,-7.36549194016
103,1.65052675337,0.0877740731259,10000,-7.63353409412,-7.539551524
104,91.1658986175,1.11637234591,10000,-10.4800145865,-8.39241295136
105,0,0,10000,-2.5937978387,-2.5937978387
106,0,0,10000,-2.74127477962,-2.74127477962
107,0,0,10000,-2.5937978387,-2.5937978387
108,0,0,10000,-2.86559924003,-2.86559924003
109,0,0,10000,-3.47950109593,-3.47950109593
110,0,0,10000,-2.67361640092,-2.67361640092
111,0,0,10000,-2.5937978387,-2.5937978387
112,0,0,10000,-2.93899588968,-2.93899588968
113,0,0,10000,-2.89714445477,-2.89714445477
114,0,0,10000,-2.89714445477,-2.89714445477
115,0,0,10000,-2.93899588968,-2.93899588968
116,0,0,10000,-2.86559924003,-2.86559924003
117,0,0,10000,-3.47950109593,-3.47950109593
118,0,0,10000,-3.1749462291,-3.1749462291
119,0,0,10000,-2.94605607151,-2.94605607151
120,0,0,10000,-3.03859624974,-3.03859624974
121,0,0,10000,-2.5937978387,-2.5937978387
122,0,0,10000,-2.74127477962,-2.74127477962
123,0,0,10000,-2.67361640092,-2.67361640092
124,0,0,10000,-2.5937978387,-2.5937978387
125,0,0,10000,-3.1749462291,-3.1749462291
126,0,0,10000,-2.67780667212,-2.67780667212
127,0,0,10000,-2.94605607151,-2.94605607151
128,0,0,10000,-2.86559924003,-2.86559924003
129,0,0,10000,-2.67361640092,-2.67361640092
130,0,0,10000,-3.30028456815,-3.30028456815
131,0,0,10000,-3.1749462291,-3.1749462291
132,0,0,10000,-2.95674069485,-2.95674069485
133,0,0,10000,-2.74127477962,-2.74127477962
134,0,0,10000,-2.89714445477,-2.89714445477
135,0,0,10000,-2.67361640092,-2.67361640092
136,0,0,10000,-2.93899588968,-2.93899588968
137,0,0,10000,-3.1749462291,-3.1749462291
138,0,0,10000,-3.1749462291,-3.1749462291
139,0,0,10000,-2.73695424753,-2.73695424753
140,1.59718101871,0.085951056359,10000,-7.80002633215,-7.71525129906
141,91.1658986175,1.11637234591,10000,-11.0561598495,-8.96855821435
142,0,0,2.55541100302,-3.45746489065,-2.67780667212
143,1.66030388717,0.0897657163989,10000,-7.93895226912,-7.83963071166
144,1.67445043178,0.0886513803265,10000,-7.82195334322,-7.72329295435
145,91.1658986175,1.11637234591,10000,-10.5239617309,-8.43636009572
146,91.1658986175,1.11637234591,10000,-10.9312921155,-8.8436904803
147,1.58512960196,0.0855355709713,10000,-7.76046734798,-7.67784320251
148,2.37956041372,0.100894435033,10000,-8.13303716041,-7.95340697458
149,0,0,2.53594275347,-3.52062601951,-2.73695424753
150,0,0,2.41447830857,-4.06713751884,-3.25657498582
151,1.59718124379,0.0859510563467,10000,-7.98781890006,-7.90304386697
152,91.1658986175,1.11637234591,10000,-11.7332664766,-9.64566484147
153,0,0,2.62555062689,-3.69867412283,-2.94605607151
154,0,0,2.3849647702,-4.26942362606,-3.45180509382
155,1.94149942689,0.105291808029,14.019797361,-7.61920563156,-7.45341005529
156,91.1658986175,1.11637234591,10000,-10.9792674689,-8.89166583379
157,0,0,2.62555062689,-3.69867412283,-2.94605607151
158,91.1658986175,1.11637234591,10000,-11.0705695898,-8.98296795462
159,1.88591598438,0.0941492074895,10000,-8.57047958172,-8.43925957919
160,91.1658986175,1.11637234591,10000,-10.9870826856,-8.89948105049
161,1.92964721821,0.104825474851,12.9141641237,-7.38711743015,-7.22368433184
162,91.1658986175,1.11637234591,10000,-10.4059342952,-8.31833266008
163,0,0,2.58577829245,-3.36734634775,-2.5937978387
164,1.71136181442,0.089801784096,10000,-7.97163031621,-7.86682176834
165,0,0,2.45636987301,-3.83950721325,-3.03859624974
166,1.71136205588,0.0898017840909,10000,-7.53363833464,-7.42882978677
167,1.65052675337,0.0878296751403,10000,-7.89714602135,-7.80287791513
168,1.51162925585,0.0830354332769,10000,-8.17456739686,-8.10487348981
169,0,0,2.41778543131,-4.04697753708,-3.23719221539
170,1.71136205578,0.0898017840909,10000,-7.53795886674,-7.43315031886
171,580.432239167,2.00462600669,10000,-11.7458881332,-8.8595374612
172,1.71136200545,0.089801784092,10000,-7.7356799768,-7.63087142892
173,2.16271975069,0.0973847815361,10000,-8.8272445322,-8.6689131742
174,91.1658986175,1.11637234591,10000,-10.3616701432,-8.27406850801
175,91.1658986175,1.11637234591,10000,-11.0662204403,-8.97861880514
176,0,0,2.58577829245,-3.36734634775,-2.5937978387
177,2.00860913348,0.107963833391,10000,-6.80066193638,-6.62162462283
178,0,0,2.49834411527,-3.65724510909,-2.86559924003
179,1.66030397797,0.0897657163915,10000,-8.32835956652,-8.22903800906
180,0,0,2.49001293454,-3.69059819322,-2.89714445477
181,1.71136182625,0.0898017840958,10000,-8.0338763025,-7.92906775463
182,0,0,2.62555062689,-3.69867412283,-2.94605607151
183,0,0,2.41447830857,-4.06713751884,-3.25657498582
184,580.432239167,0.819506394219,10000,-10.4612004489,-8.8595374612
185,0,0,2.62434681169,-3.70945577581,-2.95674069485
186,0,0,2.47944841397,-3.73476406676,-2.93899588968
187,0,0,2.47944841397,-3.73476406676,-2.93899588968
188,580.432239167,2.42158761131,10000,-12.1974737974,-8.57641316728
189,1.60605087347,0.0863803241016,10000,-7.68244529502,-7.59596527165
190,91.1658986175,1.11637234591,10000,-10.3616701432,-8.27406850801
191,91.1658986175,1.11637234591,10000,-10.2082131852,-8.12061155002
192,1.71136183261,0.0898017840957,10000,-7.58222301881,-7.47741447094
193,91.1658986175,1.11637234591,10000,-11.1969295222,-9.10932788704
194,1.33211975558,0.0731639856742,9.1495195653,-9.0410907777,-9.00635385164
195,1.24080283799,0.0700861332583,5.89443208536,-8.43776680291,-8.41650447175
196,1.30661314812,0.0731356562902,6.837785374,-8.05707512477,-8.02551883637
197,1.32318826129,0.0738964648966,7.13657193496,-8.17361458694,-8.13929281687
198,0,0,10000,-3.25657498582,-3.25657498582
199,0,0,10000,-2.73695424753,-2.73695424753
200,0,0,10000,-3.47950109593,-3.47950109593
201,0,0,10000,-2.73695424753,-2.73695424753
202,1.39088940385,0.0778013226128,7.11525355277,-7.45193077139,-7.4045672256
203,3.75640151296,0.568920723529,10000,-11.6300349236,-10.5695931553
204,3.75640137488,0.568920723522,10000,-11.9028099531,-10.8423681848
205,3.75851919703,0.569110266695,10000,-10.8773856934,-9.81645177402
206,1.2973033607,0.0726490818312,6.66313787031,-7.88082502422,-7.85099716397
207,1.32252566073,0.0738661213617,7.12399008117,-7.86875310153,-7.83454299155
208,3.80116760074,0.572897569511,10000,-10.9210301131,-9.85029077489
209,1.31289758066,0.0734245619115,6.94732822377,-8.34581353966,-8.31321558733
210,1.24080283799,0.0700861332583,5.89443208536,-8.43776680291,-8.41650447175
211,1.38476303602,0.0774163207429,6.98582336505,-7.65327865821,-7.60745253693
212,1.32252566072,0.0738661213617,7.12399008117,-8.45495895531,-8.42074884534
213,4.92333057451,0.85601798661,10000,-12.7324564257,-11.0770307401
214,0,0,2.15248584676,-3.83948487608,-2.93899588968
215,3.8973454007,0.822303642027,10000,-14.6699056183,-13.1550544414
216,1.85788052449,0.289193644884,7.85380110626,-10.9194967809,-10.6373839971
217,0.780673207396,0.0436564476002,3.73920822752,-7.75763644988,-7.72598691045
218,1.87116023298,0.290679215008,8.11681288816,-11.9419885688,-11.6548512495
219,0.773654314788,0.043263396275,3.67679001572,-7.44820556059,-7.41370166704
220,0.672194925672,0.0371944150204,3.93956861997,-9.02310364577,-8.94239526701
221,0.792382124756,0.0442711615307,3.84044811744,-6.77516941504,-6.74767066791
222,3.96661279558,0.829334221952,10000,-13.9680238267,-12.4355791344
223,0,0,1.21160795874,-4.53837012626,-2.94605607151
224,1.97454563414,0.307111845408,7.9465531595,-10.9089079357,-10.5736631747
225,1.88830381917,0.292587121539,8.49872914902,-11.2834678194,-10.9898729901
226,0.816937184653,0.0455950139896,3.94649666315,-7.10186928025,-7.08115944627
227,0.800627156188,0.0446422971965,3.90397840073,-6.89317885426,-6.868008762
228,0.792382124756,0.0442711615307,3.84044811744,-7.98383589154,-7.95633714441
229,0.784427247646,0.0438373758676,3.76856344401,-7.06970189145,-7.03931432238
230,0,0,1.16494759887,-4.39295570857,-2.73695424753
231,0,0,1.12235504497,-4.95196690343,-3.23719221539
232,0.780673249662,0.043656447582,3.73920822753,-7.44711753557,-7.41546799614
233,0.784427247646,0.0438373758676,3.76856344401,-7.26168473055,-7.23129716148
234,0.79597330275,0.0444172118138,3.86522895038,-7.07475133878,-7.04818542734
235,0,0,1.15154273574,-4.53950372293,-2.86559924003
236,1.87030561494,0.290583826288,8.09910813721,-11.4328193826,-11.146004789
237,0,0,1.15154273574,-4.53950372293,-2.86559924003
238,1.87030571554,0.290583826292,8.09910813721,-11.7344613848,-11.4476467912
239,0.817008192068,0.0455970606714,3.94804019698,-7.02778309963,-7.0070939763
240,1.87116023295,0.290679215008,8.11681288816,-11.6481183253,-11.360981006
241,0.773983100479,0.0433489009299,3.69021745398,-7.88386289136,-7.84998958818
242,1.88830384462,0.29258712154,8.49872914902,-11.1180457694,-10.82445094
243,1.8578805247,0.289193644884,7.85398789431,-11.2398828664,-10.9577700827
244,4.16648140884,0.796774125552,10000,-15.339298986,-13.8792719289
245,0.645966884354,0.0360082708385,3.5030369203,-9.41748751475,-9.31545354242
246,0.792382124756,0.0442711615307,3.84044811744,-7.04697081637,-7.01947206924
247,1.89486705538,0.295552333524,7.57605655203,-11.702224669,-11.4019861832
248,0.784427247646,0.0438373758676,3.76856344401,-7.57103171962,-7.54064415055
249,1.98629606007,0.309178453108,7.78613510744,-10.9488661959,-10.6080068382
250,3.89734443057,0.822303642025,10000,-15.0305964233,-13.5157452464
251,91.1658986175,1.17120348531,10000,-16.6710571422,-14.4400962177
252,0.628352269433,0.0352181076709,3.24004293941,-9.61209378306,-9.49354543643
253,91.1658986175,0.91008840008,10000,-16.3458819304,-14.6049376234
254,1.96584419629,0.299286353927,13.1839117728,-11.9795730125,-11.6610424462
255,3.88167727767,0.820608043345,10000,-14.4509230944,-12.9403360042
256,3.96661279558,0.829334221953,10000,-14.1324043051,-12.5999596128
257,0.673319722699,0.0372166516687,3.94835835662,-9.38089442281,-9.30055225988
258,2.43266590965,0.568976219445,8.07983240474,-15.8128456934,-14.9956863969
259,2.54851024671,0.587171287442,10.4741879378,-14.8717955553,-13.9975837065
260,91.1658986175,1.53060731501,10000,-14.0834536664,-11.2520665609
261,4.14947955933,0.790828207664,10000,-17.1096311099,-15.652523826
262,2.57599403058,0.591519655976,11.5491300128,-15.5454048243,-14.6581042873
263,2.63487507209,0.61153557923,8.93231322029,-15.0191670829,-14.0771235105
264,0.592578583799,0.0334318974134,2.80115657142,-8.80938553625,-8.652177678
265,1.43347538366,0.231608311506,4.86658344494,-10.8591255204,-10.7500594248
266,1.26538364924,0.203753378144,4.93500051551,-13.7425135279,-13.6949851986
267,2.4402413919,0.54361273365,10000,-17.7304387262,-16.9764911006
268,4.99523207132,1.19261673677,10000,-18.8063369529,-16.4176754708
269,5.13265304218,1.200745961,10000,-21.7428815864,-19.3502508303
270,2.11220228064,0.502799879799,6.31054908659,-15.5478467999,-14.9321175493
271,3.15997698279,0.908355444859,10.2428065221,-21.0015667968,-19.332330972
272,3.40479617045,0.967616443942,11.4515118529,-19.8434194737,-18.0106820081
273,3.31993753118,0.937779874303,19.140252609,-19.1386583241,-17.3873358058
274,2.13812378781,0.508079032225,6.51384011543,-15.5126389595,-14.8807050844
275,0.536634177468,0.0303026812037,2.50414536236,-8.54762029793,-8.31610602456
276,3.21702837358,0.911234158485,13.2930505836,-21.0228453625,-19.3453964382
277,3.38636955655,0.95907890076,13.5272264804,-20.6130459201,-18.8034585751
278,2.02116262464,0.483695239719,5.81447298013,-16.2854532522,-15.7286951116
279,3.30450575319,0.939367932747,11.8825244741,-18.7383392496,-16.9819368808
280,3.28365647536,0.935525765446,11.2787755884,-19.0045402964,-17.2588506194
281,3.23764728203,0.927277933517,10.2963993643,-19.6732797775,-17.9516194809
282,0.551272513431,0.0312051872067,2.5212157266,-7.86736005775,-7.65506899571
283,1.23623908102,0.201379677682,4.05630955345,-11.476347599,-11.436202612
284,1.17544521383,0.191729186092,3.90703633898,-12.4040543638,-12.3802523199
285,0.516248612782,0.029258363456,2.36102305347,-8.90369622146,-8.63529728527
286,3.33327289642,0.944624454268,13.0338537077,-19.3543126674,-17.5833111339
287,1.80864667568,0.267858768269,10000,-10.5421495523,-10.3047027991
288,203.8,0.887268493072,10000,-19.8705431391,-18.2344295184
289,0.490835438556,0.175559864227,1.0583452518,-34.2709261908,-32.6567933444
290,0.782155681315,0.356112609961,1.46582672744,-51.2076715942,-50.9496773946
291,1.00372192497,0.500728636527,1.77411978722,-60.1319524417,-60.1318848336
292,1.63697184705,0.964167629271,2.59233334313,-95.7209042359,-94.0391298357
293,1.30856013664,0.778664305509,2.04164391596,-96.2231997983,-95.6669098464
294,1.15243434225,0.660091618855,1.85129766207,-87.0945295606,-86.9533751721
295,1.4845317376,0.908360399956,2.27314052424,-104.112849526,-102.834427342
296,1.43748876768,0.870931608652,2.21356762618,-105.256655351,-104.206423231
297,1.48532015985,0.909461913537,2.27257342743,-105.778894785,-104.493787051
298,0.761030958608,0.380339168467,1.34081386249,-66.9928437159,-66.5892811833
299,1.40405776148,0.848089077612,2.16879362471,-103.921063219,-103.006577268
300,1.5446199785,0.946950371376,2.36579717719,-107.331775401,-105.789749335
301,1.3283776483,0.789593206416,2.07618647797,-95.2931853516,-94.6786819671
302,1.00561027864,0.551034358622,1.66511100017,-77.3172053541,-77.3170057486
303,0,0,10000,-2.67361640092,-2.67361640092
304,0,0,10000,-2.89714445477,-2.89714445477
305,1.21434832952,0.709191763702,1.92290972908,-94.9108727058,-94.6330438513
306,1.48720861967,0.910307356849,2.28065751937,-107.376660952,-106.084999949
307,1.16214856346,0.668689784977,1.85690674606,-91.3917093613,-91.2308799334
308,1.44400117384,0.884391441533,2.20767964802,-102.78495104,-101.665883632
309,1.64551553241,1.02972765409,2.48156758261,-118.152769332,-116.002613643
310,1.50977105638,0.936724141726,2.28681049809,-110.899114278,-109.440403872
311,1.74300640029,1.10083793611,2.60510742629,-118.211298306,-115.482261841
312,1.42692987165,0.858859679993,2.21513370214,-101.119520897,-100.134911439
313,1.76580539275,1.11910883964,2.63673169513,-123.229140423,-120.33867562
314,1.78221492676,1.13139726687,2.65562581392,-126.123416304,-123.126919859
315,1.90317668875,0.285063091893,9.74021206801,-14.3757229995,-14.0945306843
316,0,0,10000,-2.74127477962,-2.74127477962
317,0,0,10000,-2.73695424753,-2.73695424753
318,0,0,10000,-2.93899588968,-2.93899588968
319,0,0,10000,-3.03859624974,-3.03859624974
320,0,0,10000,-2.67780667212,-2.67780667212
321,0,0,10000,-3.23719221539,-3.23719221539
322,0,0,10000,-2.73695424753,-2.73695424753
323,0,0,10000,-3.03859624974,-3.03859624974
324,0,0,10000,-2.93899588968,-2.93899588968
325,0,0,10000,-2.86559924003,-2.86559924003
326,0,0,10000,-3.1749462291,-3.1749462291
327,0,0,10000,-2.67780667212,-2.67780667212
328,0,0,10000,-2.7855389317,-2.7855389317
329,0,0,10000,-3.23719221539,-3.23719221539
330,0,0,10000,-2.86559924003,-2.86559924003
331,0,0,10000,-2.73695424753,-2.73695424753
332,0,0,10000,-2.94605607151,-2.94605607151
333,0,0,10000,-3.23719221539,-3.23719221539
334,0,0,10000,-3.25657498582,-3.25657498582
335,0,0,10000,-2.86559924003,-2.86559924003
336,0,0,10000,-2.7855389317,-2.7855389317
337,0,0,10000,-2.74127477962,-2.74127477962
338,0,0,10000,-3.1749462291,-3.1749462291
339,0,0,10000,-2.67780667212,-2.67780667212
340,0,0,10000,-2.67780667212,-2.67780667212
341,0,0,10000,-2.67361640092,-2.67361640092
342,0,0,10000,-2.7855389317,-2.7855389317
343,0,0,10000,-3.47950109593,-3.47950109593
344,0,0,10000,-3.1749462291,-3.1749462291
345,0,0,10000,-2.67361640092,-2.67361640092
346,0,0,10000,-3.23719221539,-3.23719221539
347,0,0,10000,-2.89714445477,-2.89714445477
348,0,0,10000,-3.03859624974,-3.03859624974
349,0,0,10000,-3.27486327198,-3.27486327198
350,0,0,10000,-3.25657498582,-3.25657498582
351,0,0,10000,-2.74127477962,-2.74127477962
352,0,0,10000,-2.86559924003,-2.86559924003
353,0,0,10000,-2.93899588968,-2.93899588968
354,0,0,10000,-3.47950109593,-3.47950109593
355,0,0,10000,-3.1749462291,-3.1749462291
356,0,0,10000,-2.73695424753,-2.73695424753
357,0,0,10000,-2.86559924003,-2.86559924003
358,0,0,10000,-3.1749462291,-3.1749462291
359,0,0,10000,-3.30028456815,-3.30028456815
360,0,0,10000,-2.93899588968,-2.93899588968
361,0,0,10000,-2.86559924003,-2.86559924003
362,0,0,10000,-2.5937978387,-2.5937978387
363,0,0,10000,-3.47950109593,-3.47950109593
364,0,0,10000,-2.73695424753,-2.73695424753
365,0,0,10000,-2.67780667212,-2.67780667212
366,0,0,10000,-2.89714445477,-2.89714445477
367,0,0,10000,-2.95674069485,-2.95674069485
368,0,0,10000,-2.5937978387,-2.5937978387
369,0,0,10000,-2.86559924003,-2.86559924003
370,0,0,10000,-3.30028456815,-3.30028456815
371,0,0,10000,-2.67780667212,-2.67780667212
372,0,0,10000,-2.73695424753,-2.73695424753
373,0,0,10000,-2.95674069485,-2.95674069485
374,0,0,10000,-2.67361640092,-2.67361640092
375,0,0,10000,-2.86559924003,-2.86559924003
376,0,0,10000,-3.1749462291,-3.1749462291
377,0,0,10000,-2.67780667212,-2.67780667212
378,0,0,10000,-3.03859624974,-3.03859624974
379,0,0,10000,-2.5937978387,-2.5937978387
380,0,0,10000,-2.73695424753,-2.73695424753
381,0,0,10000,-2.73695424753,-2.73695424753
382,0,0,10000,-2.73695424753,-2.73695424753
383,0,0,10000,-3.25657498582,-3.25657498582
384,0,0,10000,-3.03859624974,-3.03859624974
385,0,0,10000,-2.93899588968,-2.93899588968
386,0,0,10000,-2.86559924003,-2.86559924003
387,0,0,10000,-2.67780667212,-2.67780667212
388,0,0,10000,-2.67361640092,-2.67361640092
389,0,0,10000,-3.23719221539,-3.23719221539
390,0,0,10000,-3.1749462291,-3.1749462291
391,0,0,10000,-2.89714445477,-2.89714445477
392,0,0,10000,-3.03859624974,-3.03859624974
393,0,0,10000,-2.73695424753,-2.73695424753
394,0,0,10000,-2.7855389317,-2.7855389317
395,0,0,10000,-2.74127477962,-2.74127477962
396,0,0,10000,-3.25657498582,-3.25657498582
397,0,0,10000,-2.73695424753,-2.73695424753
398,0,0,10000,-2.73695424753,-2.73695424753
399,0,0,10000,-3.03859624974,-3.03859624974
400,0,0,10000,-2.93899588968,-2.93899588968
401,0,0,10000,-2.7855389317,-2.7855389317
402,0,0,10000,-3.1749462291,-3.1749462291
403,0,0,10000,-2.93899588968,-2.93899588968
404,0,0,10000,-2.94605607151,-2.94605607151
405,0,0,10000,-2.73695424753,-2.73695424753
406,0,0,10000,-3.03859624974,-3.03859624974
407,0,0,10000,-2.67361640092,-2.67361640092
408,0,0,10000,-2.74127477962,-2.74127477962
409,0,0,10000,-2.86559924003,-2.86559924003
410,0,0,10000,-2.67780667212,-2.67780667212
411,0,0,10000,-2.67780667212,-2.67780667212
412,0,0,10000,-2.95674069485,-2.95674069485
413,0,0,10000,-2.7855389317,-2.7855389317
414,0,0,10000,-2.86559924003,-2.86559924003
415,0,0,10000,-2.74127477962,-2.74127477962
416,0,0,10000,-3.47950109593,-3.47950109593
417,0,0,10000,-2.67361640092,-2.67361640092
418,0,0,10000,-2.86559924003,-2.86559924003
419,0.850060238126,0.0478053877635,3.97615884221,-7.41643744265,-7.40298599363
420,1.94922740206,0.677623660894,4.68355939884,-27.7281765666,-26.8841264586
421,2.33584720272,0.798267600833,5.61003414566,-26.759597882,-25.4964583974
422,580.432239167,3.41393240645,10000,-40.451252602,-32.5991130956
423,1.73393864444,0.389292723891,6.03031062413,-18.4237551608,-18.112960657
424,3.29504300289,0.932819237115,10000,-23.1312865247,-21.3934883404
425,580.432239167,1.99131808474,10000,-18.2506411579,-14.5855897804
426,580.432239167,1.99131808474,10000,-17.6770065404,-14.0119551629
427,1.61445718226,0.248231104505,8.54218721039,-10.8953737208,-10.7255261891
428,5.26289245993,1.17999094745,10000,-21.543568965,-19.2175265955
429,1.03734377398,0.517874405768,1.83208177376,-58.0162713013,-58.009738566
430,2.53216961099,1.62156112172,3.78154935078,-125.84934476,-118.473708646
431,1.47462854621,0.857581265217,2.3498825382,-84.6656142384,-83.6348043763
432,0.731378726707,0.335137834694,1.35846129497,-49.7280503619,-49.2876934918
433,0.913956187894,0.458372879414,1.60490160263,-59.0092761359,-58.967580543
434,1.13586095507,0.635884681096,1.85666304224,-79.8678320164,-79.7618083309
435,1.16957491004,0.654710459273,1.91256900864,-82.3562677872,-82.1974743047
436,3.34815513337,2.28397664294,4.75653331091,-154.721303016,-139.017804835
437,1.24994579275,0.714867372462,2.01246121641,-85.6080805317,-85.2697868879
438,1.93817121228,1.22546484236,2.90144169997,-113.084339996,-109.304751164
439,1.96441532332,1.26847258629,2.89566049411,-127.82739232,-123.545062481
440,1.93369039813,1.25067899183,2.84427194016,-129.772343195,-125.64463198
441,1.86626828833,1.18049681371,2.7970032353,-117.057044217,-113.654022712
442,1.80233409873,1.14379027392,2.68314787351,-111.746953933,-108.649292485
443,1.71980954092,1.06685027271,2.6105579426,-111.173251797,-108.743583436
444,1.7968826049,1.13743374403,2.68698517169,-117.978571497,-114.937193009
445,2.08075817513,1.35484888568,3.03992931036,-132.475237363,-127.316068255
446,1.6215067628,1.00447681932,2.46220796018,-113.428106691,-111.473958537
447,1.7643877745,1.11948032247,2.62985161623,-118.883661471,-115.988110466
448,2.46911534552,1.65143344772,3.56351924124,-157.387669974,-148.859365033
449,1.9842847374,1.29972489743,2.88431114,-132.128619596,-127.461385665
450,1.60860909425,1.00862628595,2.42049146528,-116.382226802,-114.395167302
451,1.72864340705,1.10979506916,2.551560272,-125.467136607,-122.625666625
452,1.55952496816,0.979694258178,2.33966982317,-111.565688885,-109.800043925
453,0.831378921707,0.4443539001,1.39849140257,-77.1856255838,-76.9698878656
454,0.920724239882,0.505261301806,1.52140386137,-81.7352774228,-81.6902238413
455,1.44141032479,0.879882327741,2.21469156278,-106.774928302,-105.681220251
456,0.6251129474,0.299899885997,1.12982946305,-60.4475906483,-59.2889425905
457,1.31641034119,0.794791568997,2.03365699584,-105.070899666,-104.459899231
458,2.17294057884,1.44095871945,3.13546220365,-140.639427718,-134.448777472
459,1.03236196297,0.58003277005,1.67838321429,-83.4590631417,-83.4521242719
460,0.129470315247,0.0215239955144,0.400001802951,-29.6005177624,-20.2642740205
461,0.850369964498,0.454271849813,1.43152128401,-75.7762389094,-75.6116728672
462,1.74102660143,1.11712805539,2.57184826339,-121.357403412,-118.453695742
463,1.38476303602,0.836393187832,2.13710669734,-100.37187406,-99.5273320548
464,0.707209103762,0.353802256808,1.24359555483,-68.4635665556,-67.7934662251
465,0.767576045493,0.397704040864,1.31904844604,-69.4200223181,-69.0035426742
466,0.408291897477,0.16212435608,0.828783047018,-46.4821464949,-43.1827216855
467,1.08530359803,0.622266672341,1.74031027632,-86.4528614377,-86.4047547584
468,1.97559493677,1.29307624459,2.8759880496,-140.413718887,-135.811431312
469,1.26789653365,0.675547628294,2.14400188811,-70.1003716786,-69.7935492037
470,203.8,0.18086968085,10000,-6.08391524368,-5.52681371132
471,0,0,10000,-2.95674069485,-2.95674069485
472,0,0,10000,-2.67361640092,-2.67361640092
473,0,0,10000,-2.73695424753,-2.73695424753
474,1.25092132252,0.744056572463,1.95273873771,-92.7347504745,-92.3444555678
475,1.0178151983,0.571650704601,1.65563466845,-83.3678765849,-83.3657372106
476,1.33310040788,0.805922164203,2.0560206557,-106.7476432,-106.078300315
477,2.03649461377,1.33973570683,2.95829930581,-138.588531744,-133.484073388
478,0.559327480504,0.255216939952,1.04382174178,-54.9870704063,-53.3469249976
479,2.53618878361,1.7250345058,3.5971505875,-169.862678676,-160.17669398
480,1.75218476928,1.12362855842,2.59025766388,-124.710424854,-121.751753551
481,0.619282120363,0.297146321565,1.11903672727,-62.2059678381,-60.9956881712
482,1.18344721505,0.691394131673,1.87280276266,-96.8393353963,-96.6283404354
483,1.36133665469,0.821844863646,2.10456280752,-103.925674963,-103.164594011
484,1.42771597211,0.87404626247,2.18409989263,-100.925127363,-99.8723227707
485,1.35999055367,0.833034532554,2.07876162819,-99.5364657405,-98.7379223127
486,2.08791116487,1.37735426773,3.02058764214,-141.977096023,-136.490662324
487,1.34921152379,0.811995928917,2.09372840537,-102.28276504,-101.572482216
488,1.01717612193,0.571665472895,1.65312367941,-83.4703418822,-83.4683458145
489,0.717299001441,0.35920158374,1.25876472204,-66.7075058092,-66.0890492027
490,1.95417261727,1.27461235436,2.856927928,-137.118937594,-132.709855605
491,1.3253225469,0.800046899137,2.04926429313,-101.436899398,-100.797008261
492,0.338555461754,0.121356514193,0.729091042349,-41.8357937313,-37.5119287326
493,2.98710471931,2.06887302062,4.1944269021,-182.096943888,-167.853359414
494,1.78356908553,1.14187750696,2.64355264705,-129.835410087,-126.722113087
495,580.432239167,0.724011589993,10000,-7.03182259955,-5.37933677039
496,0,0,10000,-2.93899588968,-2.93899588968
497,0,0,10000,-2.86559924003,-2.86559924003
498,0,0,10000,-2.67780667212,-2.67780667212
499,0,0,10000,-2.86559924003,-2.86559924003
500,1.29261105339,0.76716160685,2.02127262206,-103.071995948,-102.568499878
501,0.621683662811,0.298310728592,1.12328347221,-60.0868492614,-58.8973484
502,2.67212500098,1.81410886455,3.79871579627,-163.564412759,-152.978583718
503,1.83250927161,1.18594032072,2.69225250009,-130.982325695,-127.439128124
504,0.899872513064,0.49427068268,1.48483161415,-79.797951742,-79.7235467173
505,1.34340152789,0.810501847867,2.07813420035,-100.663674651,-99.9656891924
506,0.937703550705,0.514401005683,1.55033906243,-75.7163483725,-75.6892322981
507,1.87404987706,1.21269662825,2.75307839043,-128.551986604,-124.767591974
508,2.48659912052,1.68188841615,3.53681479904,-153.452346356,-144.39756417
509,2.26498000274,1.51016417373,3.25961147682,-149.324452624,-142.3399179
510,0,0,10000,-2.7855389317,-2.7855389317
511,0,0,10000,-2.94605607151,-2.94605607151
512,0.762819653172,0.382036942574,1.34228563276,-62.4859708192,-62.089604618
513,2.64842792804,1.750236025,3.85234462401,-144.41426031,-135.244365382
514,0.772187722669,0.400201385784,1.32681542322,-72.0848299822,-71.6876557922
515,0.135574369516,0.0225333089323,0.419105043642,-27.1370414589,-18.4265045402
516,0.130753282708,0.0217371176487,0.403963257821,-29.0162472012,-19.8124939465
517,2.48856933402,1.68507105304,3.53746336902,-159.827142111,-150.715828438
518,1.92198395663,1.24301965713,2.82665611898,-130.754458868,-126.696871896
519,1.47097430284,0.519490039444,3.29422688916,-29.5220623406,-29.206071077
520,2.25911501933,0.854357154464,5.13943659133,-37.4223872572,-36.0245173488
521,0.636544289699,0.10506677298,1.99842499819,-14.1843549912,-13.9500999712
522,0,0,3.23581256991,-3.49744449251,-2.89714445477
523,0,0,3.27753744238,-3.33524517927,-2.74127477962
524,0,0,3.15706520951,-3.91305906647,-3.30028456815
525,1.75303822233,0.605417560576,4.24533426807,-31.7492358067,-31.1451421722
526,2.97921390443,1.22709457048,6.34331960363,-38.110432369,-35.3359621891
527,2.73264315883,1.09457951407,6.02184531638,-38.667134216,-36.3900701666
528,2.03358490352,0.773400509806,4.76456636121,-34.9812850195,-33.884191179
529,1.8746529323,1.2132020447,2.75394366419,-130.243356809,-126.453939905
530,2.5542311135,1.72524554279,3.64255384717,-158.489148272,-149.000404609
531,1.79945155891,1.15312358848,2.6634237666,-128.448762478,-125.235935416
532,1.45294408572,0.890820133133,2.21911547332,-110.497640323,-109.3379263
533,2.15485713499,1.37263651133,3.2196614033,-126.325638717,-121.213841765
534,1.87492819861,1.2126819332,2.75654406076,-133.526011506,-129.743321268
535,1.7704538643,1.13470849408,2.61967353324,-127.869616731,-124.816220498
536,0.271979757584,0.0843649471709,0.632879347452,-37.8988563835,-32.4364103237
537,2.13871695751,1.42194302888,3.07705037735,-146.266640129,-140.24034897
538,2.09212908244,1.38982017346,3.0115498528,-151.836517918,-146.13974496
539,0.695216669328,0.348103794493,1.22333041943,-66.4383815047,-65.6990775882
540,0.636923364552,0.305565865481,1.15115678686,-59.7834200175,-58.7222350865
541,1.85195726206,1.19748016271,2.72384953035,-127.803297912,-124.158738425
542,0.631427603144,0.302873371674,1.1420671113,-60.5411659115,-59.4384034143
543,0.337930636516,0.121118001735,0.727037148582,-42.9722602576,-38.6180295994
544,1.03235079062,0.583968564285,1.66716783914,-81.951963713,-81.9448481002
545,0.621115123293,0.297897830948,1.1219629353,-61.0981668372,-59.9020903133
546,0.349100351797,0.125074920939,0.751601425965,-42.0938197472,-38.0586505803
547,0.772283180258,0.400453419591,1.328341251,-69.8851501413,-69.49094707
548,0.952873998088,0.522680933951,1.57573985459,-78.7903798041,-78.7751949131
549,0.415997715481,0.16513461755,0.843934242384,-46.4351495047,-43.2890179964
550,0.200214136539,0.0497625352431,0.519786714429,-32.8798654181,-25.7560657238
551,0.700580377807,0.350452558149,1.23245480293,-64.2477091396,-63.5393875806
552,0.336424894123,0.120544535702,0.724153861745,-43.1511430171,-38.7614409572
553,0.402455127394,0.159844987156,0.816591563379,-49.4400603119,-46.0095684862
554,2.14219881387,1.4157532689,3.09760986768,-143.525051567,-137.637598551
555,0.907099837999,0.498004317286,1.49787376252,-79.6659348787,-79.6027047317
556,1.14160349215,0.66758407184,1.80222066766,-97.6477176026,-97.5157244753
557,1.65660840236,1.05171627268,2.46727742348,-120.61583607,-118.279960955
558,0.705977634703,0.353082909454,1.24235224005,-63.8106339032,-63.1350479546
559,2.51944102166,1.70473278978,3.58734193055,-158.35440521,-149.041569209
560,0.477140884187,0.204740244182,0.924641550286,-53.1316837431,-50.6589049214
561,1.21938955833,0.725209089683,1.9040303231,-99.486356166,-99.1777406288
562,1.17157062026,0.684818278899,1.85206644573,-97.8679892444,-97.6806969033
563,1.47131897461,0.912926692398,2.22822863009,-116.638611606,-115.346600811
564,2.21952471417,1.4864943226,3.17811844118,-158.436632099,-151.639419973
565,1.39609561513,0.854277840835,2.13788556872,-107.329028975,-106.400198328
566,1.12508471557,0.483354348176,2.18042824779,-45.616580885,-45.5698999943
567,1.42136647831,0.870321582151,2.17674628231,-103.537224146,-102.507736977
568,2.8148159321,1.9267052903,3.9869318449,-171.459120692,-159.293985841
569,0.861204144019,0.459979299068,1.44998539046,-72.6596235502,-72.5204565925
570,1.41353932007,0.867118741381,2.15630380221,-99.3549729877,-98.3489640802
571,1.56732617329,0.975878255578,2.36650005434,-113.266877664,-111.526343311
572,1.49549402667,0.927952855148,2.2645665393,-109.652095561,-108.255382365
573,0.688488991193,0.344408246498,1.21077216992,-65.1231888565,-64.3382491394
574,0.834943097912,0.446271304492,1.40524047837,-80.195058155,-79.9902420072
575,1.72624471748,1.10724078472,2.5513691798,-129.170999676,-126.352959003
576,0.68008004107,0.340413435625,1.19513443884,-67.2874268924,-66.4443559409
577,0.984777231793,0.553459860434,1.6002355243,-86.9133711037,-86.9117341228
578,0.678124626048,0.339348281331,1.19183707345,-67.2072272014,-66.3509712713
579,1.75987446474,1.12797337549,2.60396493783,-130.803072734,-127.807769835
580,1.14137419343,0.667534483182,1.80378047829,-98.3305427198,-98.1982533022
581,1.08004619706,0.619701121393,1.73012534624,-90.0446725707,-90.001896914
582,0.264890145559,0.0821884810698,0.616044186504,-38.9650087523,-33.2043952168
583,0,0,0.242647969473,-10.7612109236,-2.86559924003
584,0,0,0.247377775806,-10.3324195247,-2.5937978387
585,0.798841714577,0.317022043576,1.62677064079,-40.1448962003,-39.9841753743
586,0.253118078156,0.0420572338869,0.782520293242,-19.9020036685,-16.7588524591
587,2.09707612813,1.17004053716,3.45462291017,-76.7580037977,-73.7972335971
588,1.26503243616,0.604936662141,2.29932612153,-53.4144309675,-53.1878259572
589,0.130401585672,0.0074391321842,0.57534775232,-14.5695481786,-9.96509415609
590,0.831253157265,0.329679287422,1.69115893098,-37.162624523,-37.0544648164
591,1.74773210541,0.928671271636,2.97088038235,-68.775123076,-67.2462483219
592,1.24831906538,0.597284047896,2.26678804386,-53.8541589837,-53.6512477661
593,0,0,0.244704529004,-10.5635224066,-2.73695424753
594,1.11014361519,0.505025935728,2.08316662586,-48.4720757825,-48.4305615095
595,1.57056708266,0.810221511838,2.71505707098,-61.8100854156,-60.8613570062
596,0,0,0.243892449459,-10.6392244286,-2.7855389317
597,0.124845621903,0.00712410451775,0.550275291271,-16.7297249314,-11.8159293375
598,0.813502461536,0.322304934289,1.65833483878,-38.9656617523,-38.8303247178
599,1.11172281895,0.506108855136,2.08335759742,-49.0911735243,-49.048431006
600,1.23941263705,0.592932347942,2.25140159004,-54.1131704923,-53.9228310333
601,0,0,5.72315386226,-3.13299129701,-2.74127477962
602,1.05794058724,0.580063923924,1.7504962667,-76.1196645527,-76.0997154637
603,1.64787135929,1.04637309104,2.45339316356,-120.139587953,-117.847093376
604,1.99238131328,1.31021684607,2.89464415363,-144.24528132,-139.428690489
605,580.432239167,3.3482031986,10000,-9.93564776302,-5.90279676635
606,1.03601365085,0.581354027765,1.68735113098,-88.8020495126,-88.7935443004
607,1.46036364793,0.894524086235,2.23358003674,-108.161168516,-106.976013472
608,0.922811169856,0.506383517291,1.5249367375,-77.4206948653,-77.3781172971
609,0.984547463073,0.553395742241,1.59945079245,-85.265156597,-85.2634683459
610,0.406745778494,0.161507232334,0.8256748957,-45.5384620024,-42.2066813177
611,0,0,10000,-2.7855389317,-2.7855389317
612,0,0,10000,-2.89714445477,-2.89714445477
613,0,0,0.126707298557,-17.8970469194,-2.7855389317
614,0.128842962456,0.0214196921896,0.398063097524,-27.9028456968,-18.5012770681
615,0.128769927254,0.0214073111425,0.397836411373,-29.9599653757,-20.552236159
616,0.619398940168,0.297163457535,1.11947139191,-60.9072205666,-59.6988082123
617,0.196015672332,0.0487465567157,0.508709286119,-34.9954893048,-27.6062526592
618,0.333765057305,0.119593386177,0.71840781355,-44.0116796956,-39.543358247
619,0.277764610114,0.0862043066736,0.646099135508,-35.7319656969,-30.4818082389
620,0.065865547264,0.0037588166961,0.290228935364,-23.141745517,-11.7242818249
621,0.700144010867,0.350210268048,1.23183232708,-64.6290486086,-63.9183632142
622,0.26215101845,0.0813720006286,0.609584343562,-37.7376820842,-31.8580859935
623,1.19068368004,0.708790774198,1.85655854223,-98.7198223847,-98.4780999956
624,1.4676594948,0.911078928721,2.22106707236,-109.662408437,-108.383584327
625,0.629310748049,0.30192280795,1.13738408781,-59.2945780403,-58.1712601584
626,0.769424619055,0.398751837148,1.32205549673,-69.7509429541,-69.3422330997
627,0.337122032737,0.120779653184,0.725819816946,-42.1895538108,-37.8239392672
628,0.703013681853,0.351830446621,1.23723522348,-65.4017541697,-64.7099850734
629,0.406646017831,0.161465174196,0.825495842234,-48.2797196933,-44.9461684135
630,1.19363459872,0.698459546444,1.88428191903,-90.9246002588,-90.6905667701
631,0.408873484443,0.162226173528,0.829719691658,-48.8803904058,-45.5918799674
632,0.75999831997,0.393923904966,1.30533160159,-76.2199702687,-75.769273672
633,1.46030860625,0.906572652927,2.20976770388,-113.525843124,-112.278063352
634,1.81977035695,1.1789141831,2.66902638409,-130.694988644,-127.212359319
635,1.73167956923,1.11096642729,2.55858275091,-129.445749129,-126.595343584
636,0.912415911617,0.500841367625,1.50703986656,-84.6574088468,-84.6016819028
637,1.48031982693,0.918298385168,2.24285927181,-112.798810258,-111.4693797
638,0,0,10000,-2.74127477962,-2.74127477962
639,0,0,10000,-2.7855389317,-2.7855389317
640,0,0,10000,-3.03859624974,-3.03859624974
641,3.36947542008,2.34817991018,4.71839275751,-191.75135082,-173.976333586
642,2.01345857229,1.32733853845,2.91502622922,-140.920335055,-135.92442897
643,0.846065888421,0.452016685227,1.42393120669,-75.1513900684,-74.9759682636
644,1.08725635763,0.624322341663,1.73975815346,-87.1241565272,-87.0736022671
645,1.36140635563,0.8220916902,2.10298843507,-98.4267318147,-97.6645703313
646,1.25489507067,0.745873838311,1.96122760942,-96.8205201672,-96.4207684498
647,0.54313507013,0.247940715949,1.01283221643,-58.2497938281,-56.4153924891
648,1.21346342991,0.714336801039,1.90704393198,-93.7986351869,-93.5143967315
649,1.22716965619,0.729600694583,1.91712378532,-98.5344241508,-98.2068182975
650,0.536765451492,0.245020992337,1.00102726356,-55.1241559473,-53.2104634845
651,0.877361944079,0.469228515561,1.47569715294,-69.3927672069,-69.2866552038
652,1.15349159424,0.674280095978,1.82372683461,-92.6809418746,-92.5276654692
653,0.843241757253,0.450161065161,1.42180883304,-79.3727414407,-79.1912227756
654,0.194677714949,0.0483928706617,0.50526791245,-34.4600232413,-26.9873390704
655,0.620109853831,0.29775757916,1.12126804607,-60.2522685032,-59.0529421563
656,0.259774232707,0.0805819772283,0.603770260176,-38.3246122235,-32.3355642263
657,1.7107652736,1.09757799264,2.52766277399,-125.165494245,-122.42991951
658,0.47117815276,0.20216974941,0.912778710283,-53.4584975139,-50.8856478491
659,1.08619383653,0.622970445503,1.74108237605,-85.6195322155,-85.5703998911
660,1.40236422792,0.858797927521,2.14466837665,-110.702228759,-109.746340479
661,0.789480956378,0.409144867795,1.35659656603,-68.3559677002,-68.0264789204
662,0.698952206441,0.349529130964,1.23022689033,-63.9786753611,-63.261702773
663,0.791057020986,0.395185328298,1.39414681642,-59.8942238049,-59.6010663282
664,0.472567224842,0.187429499842,0.960259786427,-41.3853816747,-39.2065501316
665,0.82083590402,0.410344349982,1.44506861616,-61.0213265017,-60.8152198553
666,0.545959610428,0.234243176769,1.05854292724,-47.2665593082,-45.6945738823
667,0.579509214361,0.0959915221718,1.80708575058,-13.9533984045,-13.5980079303
668,580.432239167,0.724011589993,10000,-7.2593598488,-5.60687401965
669,580.432239167,0.724011589993,10000,-7.0039089022,-5.35142307304
670,0,0,10.3108194431,-3.44059350129,-3.23719221539
671,2.47816660729,1.04440246095,4.98299380318,-37.8664618644,-35.7718579053
672,3.45043044311,1.60359519331,6.66863733047,-46.6332872459,-42.1530857129
673,0.599428899552,0.0992614868898,1.87174811763,-14.9256342323,-14.6172262964
674,1.63509751067,0.578580555354,3.61824673586,-29.0762420471,-28.5755805179
675,2.07343013177,0.808965554747,4.35595574724,-32.6489462479,-31.4288453386
676,0.897760366996,0.222247940076,2.35456106548,-20.1113371587,-20.0935036295
677,1.49560903112,0.929418516167,2.26649595317,-115.153371636,-113.746595234
678,1.85494383428,1.20196912552,2.71991528018,-134.214593769,-130.522784027
679,0.558354518007,0.254805850047,1.04175399887,-55.3486940315,-53.6962982344
680,1.86966715613,1.2219057853,2.7245531491,-140.136546956,-136.213138197
681,0.404832645898,0.160724118059,0.822008960397,-47.0443556196,-43.6748640442
682,0.476433596667,0.204367605859,0.923215938532,-50.0366591641,-47.5523694307
683,0,0,0.124426931803,-18.2590024158,-2.86559924003
684,0.130526743316,0.0216961656855,0.403414921533,-28.4257718613,-19.2154740849
685,0,0,0.125060662181,-18.0973648562,-2.7855389317
686,0.19648304357,0.0488360945488,0.510080662094,-32.9593466961,-25.6078422042
687,0.783815186991,0.405907137906,1.34605880044,-70.8031963132,-70.4506935023
688,0.131594912546,0.0218727375317,0.406777119004,-29.0332174219,-19.9351149489
689,0.628879870821,0.301708279374,1.13662336462,-58.5545626102,-57.4277074744
690,1.36206936312,0.834440581227,2.08162548087,-109.0636445,-108.257049191
691,1.12952764633,0.660431576459,1.78538201453,-95.0104716285,-94.898099163
692,0.628352269433,0.301333452763,1.13425751733,-57.1856274878,-56.0485429211
693,0.411188419352,0.16325938185,0.834934311078,-45.3330811935,-42.097944487
694,0.919729646743,0.504832667414,1.51939995433,-80.768376551,-80.7220717929
695,1.11225663867,0.636479179996,1.78629387359,-91.1634069395,-91.0833588373
696,0.328639214437,0.117753292664,0.707284654169,-43.7708459091,-39.1456352798
697,0.401532578766,0.159433272985,0.81512831174,-47.98455154,-44.5402115277
698,1.55529292006,0.978106357401,2.32972689794,-113.601541287,-111.848215014
699,0.413342835911,0.164117016175,0.839155781166,-48.1386484113,-44.9458325556
700,1.14160349215,0.666905251443,1.80288913366,-96.3991257981,-96.2684821308
701,0.992166702022,0.557511932012,1.61267384559,-86.1306095568,-86.1301807364
702,0.541980778026,0.247337424825,1.01119975647,-57.4611680359,-55.6158919922
703,2.1971183021,1.46874148548,3.15008513759,-151.743420683,-145.154140189
704,2.72806020829,1.87997767064,3.82724511438,-172.633154025,-160.835688876
705,0.396777952089,0.15756723341,0.805280922719,-48.8761647372,-45.321940625
706,1.24104481858,0.743741621238,1.9235790599,-100.859586462,-100.484759863
707,1.57056708266,0.984967080774,2.3582075999,-115.14013945,-113.334265309
708,2.67774824907,1.84265162669,3.7631389769,-172.02309595,-160.66989287
709,0.540533693528,0.246682962493,1.00846029874,-55.4862496035,-53.6227664588
710,0.634082450191,0.304215925803,1.14594088622,-59.7716501311,-58.6873653563
711,1.54182519377,0.968347883079,2.31381262406,-115.378550693,-113.698347575
712,1.28916898918,0.777872497538,1.98862143872,-106.101370617,-105.579579063
713,0.536753173652,0.245010779875,1.00104640325,-58.0397592204,-56.126196913
714,1.32199636129,0.798195664317,2.04198795614,-100.332553408,-99.7032643119
715,1.43785652832,0.892726908948,2.17570217304,-110.923714037,-109.770089287
716,0.703331503049,0.352261940124,1.23709717967,-63.1141819571,-62.4232799302
717,0.60060546104,0.288258602589,1.08482784727,-61.6638289926,-60.2768808221
718,1.54011121621,0.967066241637,2.31209316625,-115.958317965,-114.287641595
719,0.817741833081,0.437172251286,1.37526709232,-75.519945749,-75.262245351
720,0.137399016938,0.0228388200196,0.424652843622,-27.7203679273,-19.1677278187
721,1.07083407932,0.615510732493,1.71173922317,-90.1093126946,-90.0751773944
722,2.47568961418,1.68540561165,3.50718208026,-161.707005189,-152.429180306
723,0.905454309314,0.496937333068,1.49590338365,-81.4717946031,-81.4062508379
724,0.363411592137,0.0902914996046,0.945058971468,-23.5294644941,-21.3274772695
725,0.3693876667,0.0917118221872,0.961260930207,-22.8797598996,-20.7650690437
726,0.989576911802,0.450722875493,1.8529326692,-49.7474455103,-49.7470104807
727,0,0,0.247377762955,-10.332427381,-2.5937978387
728,1.15919736898,0.554800504341,2.10997010972,-54.2920892605,-54.1990775559
729,0.119980168342,0.00684568713643,0.529043225006,-14.985838537,-9.7947087129
730,0.13062094478,0.0217111768445,0.403750435045,-27.1189523505,-17.9214117566
731,0,0,0.123623267673,-18.3596336777,-2.86559924003
732,0.257000682612,0.0797495888989,0.597562699105,-37.9324719917,-31.8257956372
733,0,0,0.122440908294,-18.6891272593,-3.03859624974
734,1.49686245636,0.929778804491,2.2645985145,-118.035612256,-116.627021604
735,0,0,0.124626154073,-18.1050049941,-2.74127477962
736,0.0645847693046,0.00368576866886,0.284565628057,-23.9983582921,-12.2985670192
737,0,0,0.125234475009,-17.9593726981,-2.67361640092
738,0.258385643433,0.0802029792357,0.600829932923,-38.251532641,-32.2084100801
739,0.34157202809,0.122392448506,0.735166515669,-39.0314146516,-34.7864956648
740,0.0645378137874,0.00368309213574,0.284358240642,-23.6084649137,-11.8981101129
741,0,0,0.120376546327,-19.3831644954,-3.45180509382
742,1.58097471356,1.00430275528,2.35243258673,-121.935263079,-119.98052784
743,0.753661399421,0.39031188453,1.29403959009,-70.9688100558,-70.4872089781
744,0.729167626212,0.36556090197,1.27877947281,-63.9857306153,-63.4294471591
745,0.322685840989,0.115649785088,0.694266435091,-44.4710542933,-39.6517136779
746,0,0,0.122440908294,-18.6891272593,-3.03859624974
747,0.405724363638,0.161076360827,0.823826510756,-47.7832639051,-44.4330211878
748,0.0645847693046,0.00368576866885,0.284565628057,-23.4436976531,-11.7439063801
749,0.536996673342,0.24507226399,1.00183573273,-55.5705118196,-53.6623325787
750,0,0,0.122440908294,-18.6891272593,-3.03859624974
751,0,0,0.123623267673,-18.3596336777,-2.86559924003
752,0.92180427027,0.505840988189,1.52321529949,-79.1694627505,-79.1256992445
753,0.13650465678,0.022690307171,0.421881388008,-27.6597590117,-19.0246411867
754,0.197065813487,0.0489987740064,0.51163574655,-34.471619729,-27.1600108074
755,0.470485292217,0.201990753756,0.912129050618,-52.1998386583,-49.6220669385
756,0.838706916307,0.448110655236,1.41159576807,-75.7312446698,-75.5364075024
757,0.129672471782,0.0215543652155,0.40077952532,-28.730683702,-19.4321458555
758,0.628352269433,0.30132430273,1.13488883976,-59.8456946914,-58.711011741
759,0.474625284611,0.203692302425,0.919897586272,-52.4971046579,-49.9850448373
760,0.740033264186,0.383619376663,1.27071148645,-73.2690323589,-72.7213327967
761,0.886331902158,0.48659154175,1.46368509454,-84.711651122,-84.6140698406
762,1.24862766046,0.754993143986,1.92495797204,-110.044916513,-109.637110386
763,0.814788911045,0.435405918706,1.37087803335,-77.3981971228,-77.1311431391
764,0.744484393325,0.386133582275,1.27887086657,-73.1816976957,-72.6579449028
765,0.773651079079,0.400984921338,1.32881895583,-65.6637598074,-65.2720861691
766,0.932595104716,0.510438084373,1.54548171556,-80.5998582683,-80.5681677518
767,1.19462261092,0.710718648774,1.86427485087,-100.889776486,-100.639728047
768,0.976387175771,0.548568222215,1.58726724057,-86.0207956382,-86.0168182608
769,1.24434909463,0.75262040622,1.91774342955,-103.241313355,-102.844998199
770,0.662556200834,0.331651335293,1.16432506577,-67.9894338033,-67.0194175836
771,1.83943637176,1.19120178974,2.70020808743,-133.719449194,-130.126513158
772,2.48889456553,1.64728665663,3.60339889654,-141.810610827,-133.636667456
773,2.2894053816,1.53954906832,3.26997816956,-153.295227716,-145.861497957
774,2.18090501465,1.45870071229,3.12543017303,-146.840634382,-140.347354101
775,1.17944835227,0.701953991801,1.83954959863,-97.5721785076,-97.3555575848
776,1.91422751467,1.25138433221,2.78855450743,-132.530369307,-128.329527674
777,1.85962925913,1.21417147519,2.71428316613,-136.447576756,-132.599560132
778,1.5096707371,0.94815306107,2.26632520572,-118.227251465,-116.697120411
779,1.65052675337,1.04940272709,2.45854339739,-123.133988845,-120.816547312
780,0.752138991549,0.389835907156,1.29190256706,-70.0116261234,-69.5245002429
781,0.679531778389,0.33997136028,1.19515063393,-66.9871888409,-66.1426822062
782,1.27110193349,0.767529390605,1.96154623706,-104.708939657,-104.239233124
783,0.893560609699,0.490854405594,1.47440244388,-77.3544059057,-77.2695121798
784,0.4831253923,0.207347205727,0.93593317192,-45.8788035631,-43.4963986448
785,1.38870196003,0.851331477965,2.12070324689,-111.30777387,-110.399762487
786,1.625932908,1.03068732406,2.42743695418,-127.072144311,-124.907288957
787,0.537792825556,0.245427268437,1.00338496542,-57.0558635128,-55.1582177867
788,0.530177095011,0.242175132172,0.987734417274,-59.098817773,-57.0920690719
789,1.17958687457,0.702034990756,1.839841797,-98.9027945668,-98.6858815206
790,0.0632245997927,0.00360840589909,0.278502864293,-24.3675165689,-12.341253266
791,0.608542030207,0.29180311515,1.09882114003,-60.8257963623,-59.5133013349
792,0.913762125085,0.501608720872,1.50908497975,-81.809537677,-81.7555981305
793,0.821178541078,0.439138997098,1.38015292717,-78.5186791965,-78.2713737308
794,0.830847300697,0.443757676487,1.39900729042,-77.2827403311,-77.0661705876
795,0.19533157239,0.0485713222562,0.507048071651,-32.9359519831,-25.5111262114
796,0.969861601338,0.545055858851,1.57602897169,-82.4147464354,-82.4082001602
797,0.661771702505,0.331298422764,1.16272422611,-66.3733502745,-65.3966872207
798,0.521976322385,0.238344314125,0.972947773482,-58.3822654556,-56.2674886132
799,0.130592892395,0.0217063597698,0.403671376244,-28.7347533874,-19.5352163215
800,0.885309212437,0.486118810215,1.46158034911,-79.8317805596,-79.7321935827
801,0.269068289622,0.0834703766734,0.625980189842,-36.944020115,-31.3620483432
802,0.459912891625,0.197426170521,0.890912286283,-51.5680700992,-48.8017880126
803,0.0646266668975,0.00368814466274,0.284762659525,-23.2091091371,-11.5197341181
804,0,0,0.121237414368,-19.0695500162,-3.25657498582
805,0.759922011368,0.394201921628,1.30412723986,-73.4160613495,-72.9637923273
806,0.412456305853,0.163807727719,0.836965143897,-44.453112012,-41.236603387
807,0.0654297618161,0.00373382951455,0.288334094992,-22.8239886953,-11.3196325022
808,0,0,0.121237414368,-19.0695500162,-3.25657498582
809,1.35274275033,0.829094717041,2.06589533483,-105.232344306,-104.458109958
810,580.432239167,0.724011589993,10000,-7.33549614819,-5.68301031903
811,580.432239167,0.724011589993,10000,-7.49568635543,-5.84320052627
812,0,0,10.9873742546,-3.09681807514,-2.89714445477
813,0,0,11.0705181472,-3.06485928998,-2.86559924003
814,0,0,11.4463077371,-2.93877362994,-2.74127477962
815,0,0,10.2184128548,-3.50424981202,-3.30028456815
816,0,0,10.9873742546,-3.09681807514,-2.89714445477
817,580.432239167,0.724011589993,10000,-7.11188290788,-5.45939707872
818,580.432239167,0.724011589993,10000,-7.27634857278,-5.62386274363
819,1.13866179114,0.665777713862,1.79959342051,-94.6934155072,-94.5660044435
820,1.1541497766,0.675819973927,1.82106840394,-95.3048346656,-95.1493607525
821,1.07589782661,0.617865704158,1.72172641877,-88.1131393849,-88.0743427682
822,0.753661399421,0.390364178306,1.29411386325,-68.8756461658,-68.3943484385
823,0.795901730357,0.42577885602,1.33714312099,-76.0249876059,-75.6890584787
824,2.15779903102,1.42898291884,3.11574583937,-147.638480662,-141.583228635
825,0,0,1.7761015397,-3.95780125786,-2.86559924003
826,0.911762029353,0.500456352078,1.50621072473,-82.6064400957,-82.5498430451
827,0.263825244746,0.0818733119389,0.613746157826,-37.2290095138,-31.4307758284
828,1.10686592993,0.647750605249,1.74719058052,-95.4010621514,-95.3221500994
829,1.40115405467,0.857918483549,2.14296985989,-105.413329375,-104.462663603
830,1.1854378132,0.694065978404,1.86722570425,-89.8824273548,-89.6666616983
831,0.889353523103,0.488547956849,1.46744592215,-81.5396060352,-81.4472932956
832,0.907183200649,0.497786577108,1.49917366804,-79.6824075736,-79.6194573346
833,0.610312051305,0.292774790137,1.1032292393,-63.6082872668,-62.318144511
834,0.683917961326,0.342152190977,1.20255184209,-66.1462641517,-65.3307600912
835,0.676101996473,0.338316180844,1.18877562194,-67.8878494551,-67.0186950873
836,0.606654135579,0.291146776383,1.09582261544,-64.5492517953,-63.2213351158
837,0,0,10.6628618943,-3.23997384185,-3.03859624974
838,0.772283180258,0.40094240958,1.32619554482,-72.5887434918,-72.1924343617
839,1.21470843031,0.722461554925,1.89647644011,-96.9545512686,-96.6573564043
840,1.10457738302,0.637401269455,1.76007353392,-91.7593541913,-91.6869649433
841,1.26725089283,0.765785095358,1.95532976243,-103.033038422,-102.572409863
842,0.737192819819,0.382251249409,1.26529891074,-71.5804331438,-71.0171004108
843,580.432239167,2.59747355562,10000,-15.7522711217,-11.6989354545
844,1.29366026287,0.781664424012,1.9965801101,-105.190651271,-104.650039627
845,2.48605632576,1.69298908195,3.51827588799,-169.736302016,-160.37722985
846,1.52215646538,0.956189093563,2.28389762705,-115.432607875,-113.843201788
847,1.57819233695,0.990707653256,2.37060724766,-116.47129398,-114.621771456
848,0.981300972088,0.551250803832,1.59568307466,-84.4770928794,-84.4746167297
849,2.81248746631,1.9568607132,3.9173646721,-180.684888089,-167.59122796
850,1.53758519029,0.967338021418,2.30290958548,-124.516140675,-122.844265028
851,0.632014485576,0.305001454169,1.13505591831,-64.8110728618,-63.6847726006
852,1.04504260647,0.599717380174,1.67364037969,-88.0191527563,-88.0049902234
853,1.76273427595,1.14085445034,2.58276808785,-136.247977192,-133.106969105
854,1.07324549373,0.615894296276,1.71868905812,-89.1766479234,-89.1405028889
855,0.771461461653,0.399933923515,1.32456436741,-66.6964771435,-66.2952994588
856,0,0,0.126014721014,-17.7805708379,-2.5937978387
857,1.28386091032,0.775614028165,1.98183052257,-100.984902562,-100.474905257
858,0.613662339718,0.294631839314,1.10936787118,-63.7961785831,-62.5379770293
859,1.07356500319,0.616221963522,1.71873246867,-86.7211583468,-86.6846730089
860,2.9751687823,2.07673217493,4.13913211012,-186.437503378,-171.776044479
861,1.20806309908,0.718395484145,1.88663211285,-97.1046904908,-96.8237469712
862,0.537636398498,0.245379700703,1.00292117629,-56.9240296327,-55.0232431307
863,1.31258910424,0.792853499635,2.02668899865,-101.18823406,-100.588400698
864,1.47519722693,0.913913299997,2.23949272189,-114.733139575,-113.432871063
865,1.28726243913,0.777672785598,1.98697545348,-103.303438262,-102.782985934
866,2.39648866252,1.61705840266,3.41445818876,-161.459297871,-153.124004055
867,1.22920233891,0.733948941276,1.91109922312,-102.081250675,-101.742627211
868,1.69967582799,1.09003048365,2.51186734553,-126.998037954,-124.327481809
869,1.8322199898,1.18683045784,2.6875354997,-125.933754203,-122.380133586
870,1.58590640903,0.996491432985,2.37858067337,-118.770085479,-116.876357949
871,2.15841685923,0.515413047556,6.20128669937,-18.1208092145,-17.4677780862
872,1.05417610665,0.605134071682,1.68747180742,-85.5566436305,-85.5363630695
873,1.73312759711,1.1124078081,2.5597881786,-127.497638026,-124.633821173
874,0.753656123327,0.390819800966,1.29644634694,-74.5378078882,-74.0617292649
875,0.964583951901,0.54179388315,1.56898245242,-86.0454376225,-86.0363583032
876,1.33362846593,0.805182761088,2.06021782259,-101.272301721,-100.604833367
877,0.979423388824,0.550131266089,1.59295671916,-82.0307941911,-82.0277899749
878,0.928212322994,0.509337451281,1.53390085285,-80.941564997,-80.9050219754
879,1.66081287833,1.06640343781,2.45081053817,-129.813205517,-127.34193523
880,1.05801019999,0.60701801791,1.69489770468,-87.4421561098,-87.4190719989
881,0.818336790067,0.437687729352,1.37549428716,-79.5705172117,-79.314223481
882,1.21771949021,0.723936034381,1.90239031812,-100.344244536,-100.040255235
883,2.45360831002,1.67037277943,3.47478411593,-165.512988696,-156.398275384
884,0.686860531799,0.343677865024,1.20748103997,-69.2541626754,-68.4576056235
885,1.58669142211,1.00994990513,2.3583915275,-130.349252323,-128.349513482
886,3.34160832298,2.35109846675,4.6345394085,-195.122030462,-176.745939435
887,0.398547444014,0.158253658447,0.809016668524,-48.0469642467,-44.5352229437
888,3.21407438729,2.23738179108,4.49376742472,-191.002260712,-174.48392176
889,1.89802864799,1.23856536248,2.77273257473,-136.41791055,-132.344212132
890,1.92000275584,1.26398015994,2.77818327569,-127.47861099,-123.115233681
891,2.08270064744,1.38427060174,2.99706796713,-146.123377028,-140.477322838
892,1.77368589614,1.14932951614,2.60022099413,-130.789059311,-127.571916264
893,1.66325295449,1.05617046156,2.47646210775,-120.127830065,-117.755410447
894,2.19069566522,1.47701476007,3.11742112764,-155.865836668,-149.058174961
895,1.36490225138,0.836377662139,2.08507318173,-102.500772331,-101.682949998
896,1.22823403538,0.730375412868,1.91802961792,-97.1697777527,-96.8391761798
897,1.25069982698,0.0703587201497,5.86031530578,-8.16281020786,-8.14017677273
898,1.49814088134,0.935144308946,2.25618387415,-112.477603081,-111.035517702
899,0.955034575042,0.537004881358,1.55063364268,-82.6684579322,-82.653549403
900,1.01768065152,0.574058832935,1.64760244563,-89.1401894296,-89.1380451656
901,0.830068721926,0.44351287187,1.39724212964,-77.479999854,-77.2609402081
902,1.22335646694,0.72131053129,1.91972935069,-93.8576165509,-93.5479889853
903,0.594450366463,0.285529609583,1.07431442772,-63.0277782722,-61.5824467429
904,0.967935471967,0.543906363229,1.57324649223,-84.4855539092,-84.4781293422
905,1.58015988839,0.99318232643,2.37015761309,-117.064050676,-115.195740423
906,0,0,0.121148886582,-19.0999310603,-3.27486327198
907,0.399450311922,0.158610286677,0.810865856761,-46.6599540344,-43.1687476848
908,0.192248110653,0.0478103223982,0.498935672838,-33.9217738238,-26.2910539836
909,1.17544521383,0.687206013174,1.85815670529,-92.8827761645,-92.6872141999
910,0.827788841525,0.442510747819,1.39239227156,-73.8805125304,-73.6541586534
911,0.594450366463,0.285446204617,1.07390306617,-63.3141512064,-61.8665481936
912,0.521644601559,0.23819359759,0.972328215262,-59.777866125,-57.6584484231
913,0.82063796579,0.438530457382,1.38064927189,-76.3621626703,-76.1140396846
914,1.26554403444,0.760026021361,1.96032819356,-100.653332783,-100.207297219
915,1.32101589194,0.703978985447,2.23383601556,-71.6683394508,-71.2512946296
916,0.106109284183,0.00605431184429,0.467879752869,-16.2731599278,-10.1224852622
917,1.12168790163,0.656058339882,1.77195547936,-91.690604588,-91.5903450539
918,0.521811827839,0.238251798241,0.972764204971,-61.2080022519,-59.0919098047
919,0.965264994938,0.542475931745,1.56847210732,-86.6130579955,-86.6043076904
920,0.728741543685,0.378029552066,1.25027848583,-72.3260282401,-71.7159653557
921,0.676878630517,0.338580867399,1.1904586815,-67.0216990831,-66.1587634063
922,0.786300667181,0.408373198177,1.34769062056,-73.8534729353,-73.509016093
923,0.197361894764,0.0490508783272,0.512443659992,-32.4086643781,-25.1163867374
924,0.388473236333,0.154305143242,0.788099149821,-48.4353061321,-44.6802481452
925,0.467297360266,0.200554326527,0.905705594065,-53.2118083514,-50.5786397445
926,0.0654297618161,0.00373382951455,0.288334094992,-23.0117812631,-11.5074250702
927,1.23237760503,0.732479468982,1.92604636526,-97.6892298376,-97.3488118963
928,0.326967311384,0.117170995128,0.70365675926,-41.4729796518,-36.793650067
929,1.30932298949,0.792711008571,2.0203051716,-97.0508637906,-96.4539331554
930,0.680780470154,0.340474176636,1.19765194959,-65.3980409421,-64.5627928848
931,0.813968985917,0.435061515657,1.36895628413,-75.3174743402,-75.0473988388
932,0.32483666006,0.11641101504,0.699000711624,-45.0077822349,-40.2603200249
933,0,0,0.123093749536,-18.5027276577,-2.93899588968
934,1.13384337123,0.662973082375,1.79201990901,-98.8879479352,-98.7685513837
935,0,0,10000,-2.74127477962,-2.74127477962
936,0.476433596667,0.204387198689,0.922487357389,-54.6832745363,-52.192214229
937,0.064914930386,0.00370454766912,0.286045400922,-23.2499927774,-11.6272195838
938,1.58068242303,1.00450868489,2.35059139522,-122.676176645,-120.719786653
939,0,0,0.123093749536,-18.5027276577,-2.93899588968
940,0.130424355215,0.0216786451788,0.403121798598,-29.4645493204,-20.2463598906
941,0.752342046215,0.390101705601,1.29313458972,-71.4040102862,-70.9199857996
942,0.537354474161,0.245232809712,1.00252342307,-58.6469367727,-56.7434403371
943,0.0645847658458,0.00368576867143,0.284565628055,-23.4436976579,-11.7439063801
944,0.319433407194,0.114500763031,0.68708273048,-44.9538909616,-40.0226449498
945,0.520675807495,0.23774711461,0.970554037497,-62.1134879462,-59.9807453052
946,0.131343576137,0.0218305326085,0.406020686433,-28.2905790214,-19.1695499152
947,0.329406997277,0.118042137985,0.709116639185,-41.944461173,-37.3461215061
948,0.398905065261,0.158385480069,0.809835965747,-47.0984437451,-43.5962811232
949,0,0,0.123623267673,-18.3596336777,-2.86559924003
950,0.386906149285,0.153693999739,0.784818549333,-50.634029188,-46.838985033
951,0.990907749673,0.556941952672,1.61026862303,-87.0989522339,-87.0983729497
952,0.259447387573,0.0804831458176,0.603247714813,-38.2757422835,-32.2801181032
953,0.263068377143,0.0816128642255,0.611960936847,-39.4976122992,-33.6665532815
954,0.0639334736458,0.00364872184651,0.281671070184,-24.3632452121,-12.5093607178
955,0.467132746272,0.200493285822,0.905190120355,-49.8904174975,-47.251980253
956,1.60687238829,1.01266874475,2.40493417207,-117.635675072,-115.616400575
957,0.680967089605,0.340666228415,1.19741584491,-65.8761705116,-65.0408647457
958,1.2578316837,0.0711100084783,5.84020661521,-8.4554328266,-8.4314682145
959,2.51113463294,0.406848313902,8.76841829012,-13.6427062138,-13.0277829375
960,1.30194248562,0.786844821334,2.00859066032,-100.247302672,-99.6801136076
961,1.21920302319,0.724768375838,1.90502611429,-97.3406323891,-97.0330953817
962,0.255678682183,0.079345652358,0.59424296091,-38.9060740065,-32.73357956
963,0.325109083998,0.116512835573,0.699621888871,-45.792279263,-41.053285046
964,0.486467247016,0.193157193911,0.98781084349,-45.3509423084,-43.3540825389
965,1.21190403862,0.720424744511,1.89359747162,-99.541167568,-99.2514471703
966,1.20321945443,0.71542835711,1.87945101858,-96.5338108274,-96.2644921848
967,0.456489452327,0.196018857421,0.884168171886,-56.516022708,-53.6866722349
968,0,0,0.1202683437,-19.4258659661,-3.47950109593
969,0.324713110309,0.116370390797,0.698693481965,-44.1677952145,-39.415272842
970,0.401865704037,0.159557712545,0.815875526114,-46.838690324,-43.4028181742
971,0.401818820746,0.159579794638,0.815409542864,-44.4101918507,-40.9673942654
972,0.467984032001,0.200751822868,0.906517766193,-52.06017862,-49.4340024745
973,0.668050464391,0.334057747987,1.17413024201,-69.7758247542,-68.84667456
974,1.19049638853,0.708329545249,1.85764080471,-100.82303441,-100.58226574
975,0.731582503997,0.379670114855,1.25669609948,-77.9158062364,-77.3254088459
976,0.196479744814,0.0488336658007,0.510108090862,-34.2002041404,-26.8507220687
977,1.09564057717,0.641181634817,1.72947905337,-98.1518720105,-98.0878001022
978,0.0645847693046,0.00368576866885,0.284565628057,-23.287827978,-11.588036705
979,0.131458209838,0.0218494972671,0.40636505065,-28.2419673491,-19.1328165241
980,0,0,0.125195415015,-17.9685457985,-2.67780667212
981,0.845788513276,0.452636651996,1.4208854527,-74.5375604443,-74.3602677091
982,0.756135217737,0.391848583527,1.29905368979,-66.2538741979,-65.7859043738
983,1.94323787738,1.2798133653,2.81773884425,-146.418555261,-141.887727458
984,1.54996284776,0.97350528955,2.32570995065,-117.668016191,-115.949057765
985,1.98194581761,1.2436338066,2.98130153041,-112.271490493,-108.384239585
986,1.48399994848,0.849766920351,2.38703567927,-84.6574493034,-83.6472909542
987,3.13756595836,2.05411271347,4.63039328424,-140.020147389,-128.255457427
988,1.60759669276,1.02089473112,2.39317686306,-124.672063375,-122.585186048
989,1.85568141268,1.21592966368,2.69476184371,-134.797166146,-130.919522866
990,2.45256302818,1.66109070212,3.48540096579,-160.59780006,-151.730849018
991,1.27490088395,0.770389068812,1.96925348592,-106.302561115,-105.818531429
992,1.52903377524,0.960788082778,2.29450673914,-119.016438937,-117.392839701
993,1.08238351341,0.607893956919,1.76065421214,-83.8282282977,-83.7860716364
994,2.13812378781,0.991913474054,4.06571767763,-46.3127611124,-44.4286714883
995,2.40915673737,0.818649360816,5.25801584323,-39.723519912,-38.4445582191
996,3.61483109663,1.85378711734,6.48356037963,-60.0525222928,-53.8610922086
997,2.08190152619,0.880327318453,4.15238440862,-39.5430448323,-38.100194713
998,1.30028753145,0.461051213833,2.86587617897,-29.2839070504,-29.1313573658
999,1.84390984371,0.721873671244,3.85084088904,-32.987833205,-32.0939574569
1000,1.63149536289,0.57726062178,3.60679281284,-27.7816314021,-27.2854533171
1001,1.67402925314,1.06283279461,2.49295598192,-120.696700671,-118.269911444
1002,1.37348400405,0.841413565711,2.09916146156,-107.253476714,-106.404971501
1003,1.95978976213,1.29118021043,2.83979352048,-138.733879023,-134.091632298
1004,1.1423158752,0.667643309164,1.80658529805,-96.4404066641,-96.3070177619
1005,2.23717556352,1.49604655441,3.21435435064,-147.984436747,-141.122921192
1006,0.257309083877,0.0798482823436,0.59823635463,-39.9365972251,-33.8418777483
1007,0.421265865735,0.167293929682,0.855195666299,-46.0237621758,-42.987732357
1008,0,0,0.124426932276,-18.258997697,-2.86559924003
1009,0.198012250635,0.0492136203877,0.514089187971,-32.039719426,-24.785750764
1010,1.32453761571,0.799901102544,2.04571215962,-101.890581002,-101.252462494
1011,1.16780972627,0.682428100085,1.84738355639,-95.1471950787,-94.9672697948
1012,1.14413979791,0.591269130008,1.97588003938,-68.5145980385,-68.4210369655
1013,1.20657460673,0.717744979631,1.88333807722,-99.9282424743,-99.6504370587
1014,1.45819552497,0.904752017765,2.20860132608,-114.978959233,-113.743070069
1015,2.07389503618,1.37562093218,2.99150659087,-142.959559381,-137.416652094
1016,1.5842366467,1.00695630473,2.35539525647,-131.506372808,-129.530538884
1017,0.605164358375,0.290221129314,1.09268791184,-61.6017182308,-60.2569435354
1018,1.17292908081,0.686064064254,1.85331798896,-95.6903458719,-95.4995435384
1019,0.804290786489,0.41837833411,1.37603708067,-71.2141107888,-70.9317673577
1020,0.40335305556,0.160162848862,0.818763855576,-46.3421187437,-42.9367736974
1021,0.12878723771,0.0214095177152,0.397921322514,-29.6715383545,-20.2691416871
1022,1.22333248619,0.72746979646,1.91042887245,-99.4667810627,-99.1485116288
1023,0.393132432297,0.156145425101,0.797646194172,-48.3623041466,-44.7197679788
1024,1.07313474198,0.614868298244,1.72210775717,-87.5198507489,-87.4840572715
1025,0.47117815276,0.202209277059,0.913100477826,-51.1714152682,-48.6014654231
1026,580.432239167,3.9405747095,10000,-23.7901010173,-16.9506544008
1027,3.72969827952,0.824433356172,10000,-17.4538524598,-15.9418973028
1028,2.19873313726,0.355339633002,7.64423412671,-12.4168956257,-11.9519493438
1029,1.66997968314,0.0930435500391,9.78594407686,-8.62972246825,-8.52233749755
1030,4.52379613426,0.685132881861,10000,-11.9837222649,-10.6570049679
1031,4.52379613426,0.685132881861,10000,-11.9478712029,-10.621153906
1032,4.46299296336,0.679873024468,10000,-11.7881380698,-10.4733724841
1033,580.432239167,2.62285941065,10000,-15.3601125233,-11.1673410953
1034,91.1658986175,1.36413821797,10000,-10.8916902482,-8.46854925074
1035,0.535297130698,0.244334362954,0.998415206368,-58.0303700114,-56.098737805
1036,1.15504684091,0.674686653151,1.82842260116,-93.7841345709,-93.6285511896
1037,1.07812876042,0.618195366918,1.7288066253,-88.9403640903,-88.8996397836
1038,0.84536941831,0.451478238007,1.42345192848,-75.3552455126,-75.1782567441
1039,0.336480967167,0.120493152294,0.724051447159,-42.907966487,-38.5174866329
1040,1.32202918541,0.797749241317,2.04430021855,-99.9952326012,-99.3674753963
1041,0.470008504939,0.201717578892,0.910505377153,-52.7108089903,-50.1182212068
1042,0,0,10000,-2.5937978387,-2.5937978387
1043,0,0,10000,-2.67361640092,-2.67361640092
1044,0,0,10000,-3.27486327198,-3.27486327198
1045,0,0,10000,-2.67361640092,-2.67361640092
1046,0,0,10000,-3.27486327198,-3.27486327198
1047,0,0,10000,-2.95674069485,-2.95674069485
1048,0,0,10000,-2.5937978387,-2.5937978387
1049,0,0,10000,-2.5937978387,-2.5937978387
1050,0,0,10000,-3.30028456815,-3.30028456815
1051,0,0,10000,-3.30028456815,-3.30028456815
1052,0,0,10000,-2.73695424753,-2.73695424753
1053,0,0,10000,-3.1749462291,-3.1749462291
1054,0.408416611337,0.162147592538,0.829275705927,-48.5997968742,-45.3065419585
1055,0,0,0.127664533085,-17.5828848559,-2.5937978387
1056,0.133120034814,0.0221253831874,0.41151758565,-27.6846890004,-18.7405939091
1057,0.194168495355,0.0482889096483,0.503875380302,-34.963716193,-27.4553027743
1058,0.128912163023,0.0214302177483,0.398309692709,-28.9001776245,-19.5110953952
1059,0.699068731547,0.349817090878,1.22913100204,-68.080142772,-67.3613630363
1060,0.403382807352,0.160165999546,0.818906926028,-49.1276010955,-45.7242120672
1061,0.835675028254,0.44655744219,1.40641855057,-76.6643734474,-76.461203268
1062,0.544783270034,0.248578806061,1.0167081189,-59.806548382,-57.9973522936
1063,0.921538310639,0.505482043752,1.5238787879,-83.2745911975,-83.2306035151
1064,1.49557081096,0.929518667927,2.2595823844,-102.515840131,-101.109443234
1065,0.850246757894,0.454500036237,1.42973033155,-70.0489467763,-69.8835379354
1066,0.462543795983,0.198494326133,0.895581085613,-54.4512909327,-51.7272361735
1067,0.773105835578,0.400791772154,1.32752777968,-72.9599513975,-72.5656485227
1068,0.132253976048,0.0219830630673,0.408762977732,-28.2677145409,-19.2310556568
1069,0.48384012608,0.207487525172,0.937592530832,-52.5192357366,-50.1507032715
1070,0.838433906029,0.447921034011,1.41122054684,-75.5252748354,-75.3297774826
1071,0.138677912632,0.0230513547636,0.428595559774,-25.5779930787,-17.1407591246
1072,1.20509591925,0.703659360668,1.90877664043,-91.7115761853,-91.4547862259
1073,0.711637833052,0.35585269668,1.25226122083,-66.8120112295,-66.1687402218
1074,1.20928438454,0.706228902499,1.91475716315,-89.5852061104,-89.3188442665
1075,0.70693914641,0.252954669616,1.52820855084,-34.3436000636,-34.0097821158
1076,0.827983889171,0.42875565641,1.4242823964,-71.4905638052,-71.2844300586
1077,1.06476061493,0.597371427995,1.73495403243,-82.3658852686,-82.3393888017
1078,1.28553608858,0.763477000007,2.01128380989,-100.332450771,-99.8484778144
1079,1.45222555659,0.888042046029,2.22527857986,-108.365106251,-107.220452559
1080,1.0828493232,0.622055241925,1.73182710788,-85.6312767087,-85.5853701299
1081,1.38168125707,0.836414224524,2.12816534311,-101.717729944,-100.876206474
1082,0,0,0.128515637693,-17.5707466479,-2.67780667212
1083,0.922397466173,0.506133064376,1.52438246894,-78.3778646968,-78.3348140483
1084,3.06051743151,2.16651499113,4.19836619591,-172.071351094,-155.682736517
1085,0.764535168254,0.396295383782,1.31343260531,-71.7528448471,-71.3226902802
1086,0.0667416576058,0.00380873946649,0.29410268458,-22.4441409026,-11.2156829459
1087,0.130575202655,0.0217064602233,0.403472524584,-28.7967035573,-19.5799152803
1088,0.633938702321,0.304043710777,1.14632358246,-61.2096196215,-60.1262025597
1089,0.93682076954,0.513551884323,1.55027410738,-81.5731297563,-81.5452950807
1090,1.64404306128,1.03465062436,2.46352404193,-115.32083235,-113.12943734
1091,1.77589327994,1.13732068064,2.63064742103,-129.118187358,-126.043715577
1092,4.87294344956,2.84414885447,8.64106371505,-106.634615674,-92.2522490296
1093,1.36630917958,0.582787942412,2.68052535809,-41.4625969886,-41.161109236
1094,4.30609260191,2.39102908162,7.59435056004,-79.4017580489,-69.4039208187
1095,1.02676457082,0.576686089502,1.6699665046,-81.7133065532,-81.7085329959
1096,1.83895739641,1.17569393113,2.73146319306,-123.812403448,-120.408900275
1097,1.10565374433,0.634208187544,1.771860303,-89.9400827687,-89.8679498931
1098,1.3253225469,0.800518981818,2.04677143011,-103.344349953,-102.703067658
1099,1.52406802744,0.945622029136,2.30841038091,-105.731966832,-104.209843437
1100,0.5664241302,0.258312278075,1.05667718714,-53.3269139494,-51.761969809
1101,0.563831397858,0.257193900511,1.05276246701,-55.9504595454,-54.3626461868
1102,1.96555641339,1.27105644862,2.89027952658,-128.398013314,-124.086237409
1103,1.87418810299,1.21246603541,2.75499872569,-131.383846675,-127.60219895
1104,1.13141055735,0.648442893845,1.81567722877,-90.8191762573,-90.7113704327
1105,1.4390889451,0.875763425133,2.20955332633,-100.694221543,-99.6201915761
1106,2.79873418523,1.91302489104,3.95738488418,-162.077093128,-150.213213545
1107,1.75385929165,1.11145000612,2.61861140739,-114.734483741,-111.908090923
1108,2.47286783584,1.50557604182,3.87444748495,-104.342478996,-98.5521436592
1109,2.38805995799,1.44014167094,3.76158727811,-100.891202331,-95.689669269
1110,2.30131137013,1.53578303394,3.30807053621,-147.121376249,-139.868999501
1111,2.22988471727,1.47249788717,3.23755548139,-144.605612902,-138.138152389
1112,1.6322929286,1.02453371707,2.45217023506,-115.608051199,-113.497316752
1113,1.99470403993,1.3015443349,2.91360073956,-129.832247201,-125.169507124
1114,0.994569550052,0.530314905195,1.67849583876,-74.3442647057,-74.344089694
1115,3.17518424084,1.57030093509,6.02785345932,-56.402850037,-51.7039292612
1116,2.2343616195,0.940687214514,4.51844989996,-38.767132738,-37.0814693161
1117,2.32939370947,0.819427316684,5.3010879858,-29.0998129784,-27.7739067082
1118,0,0,10000,-2.95674069485,-2.95674069485
1119,0,0,10000,-2.93899588968,-2.93899588968
1120,0,0,10000,-2.93899588968,-2.93899588968
1121,0,0,10000,-3.47950109593,-3.47950109593
1122,1.53482498272,0.950838152485,2.32656263778,-111.263034384,-109.702888538
1123,0.418112105681,0.165912809345,0.849005563231,-46.864933851,-43.7712062441
1124,0.893989441221,0.477629621842,1.50501370536,-71.1477141761,-71.0703739957
1125,0.625046008449,0.299971626929,1.12909392135,-61.0430690323,-59.8816924941
1126,0.814202689388,0.421916454351,1.39907021078,-71.7388697908,-71.492238311
1127,1.11140784942,0.637280902595,1.78218272753,-88.5952741005,-88.5157521578
1128,0.96479946359,0.528797027725,1.59725728794,-79.8116218914,-79.803317805
1129,1.76282338283,1.09035005284,2.68227620758,-107.172164976,-104.562992341
1130,2.37396965905,1.58052131127,3.41792311816,-142.702443319,-135.062166904
1131,2.78412853766,1.84783477018,4.04104163342,-144.967044225,-134.722658282
1132,0.521288987064,0.129421220672,1.35808345533,-22.4268777196,-21.6334210368
1133,1.63817223728,1.00281711494,2.51040234078,-109.397641775,-107.456460246
1134,1.91022589717,1.20944259715,2.85687835913,-118.359069629,-114.709688009
1135,1.01639768511,0.557247736431,1.68216208199,-77.1249091796,-77.1232248705
1136,0.47117815276,0.187024661017,0.955877428507,-47.067068418,-44.8569198022
1137,0,0,10000,-2.93899588968,-2.93899588968
1138,0,0,10000,-2.93899588968,-2.93899588968
1139,0,0,10000,-3.25657498582,-3.25657498582
1140,0,0,10000,-2.86559924003,-2.86559924003
1141,0.556441627915,0.253912737021,1.03834319134,-54.2899299755,-52.6168212975
1142,0.0661055841128,0.00377260466053,0.291261986772,-23.8473006942,-12.4759729162
1143,0.843241757253,0.450604457525,1.41742891426,-72.320327167,-72.1360553461
1144,0.473615286772,0.203330635594,0.917281267985,-51.1509661377,-48.6159825749
1145,0.41376894434,0.164273248386,0.84014308442,-45.7584403395,-42.5760288488
1146,1.62013777448,1.01532154257,2.4398556024,-114.622285658,-112.583551142
1147,1.20314361054,0.702963933009,1.9037136075,-92.5653347121,-92.3121627381
1148,0,0,10000,-2.67780667212,-2.67780667212
1149,1.9384041916,1.26690945578,2.82512151973,-136.510263689,-132.164492959
1150,1.37174823394,0.827894204217,2.12078998993,-99.8627709946,-99.0664127362
1151,0.820335219041,0.42520666429,1.40902864784,-70.3023038114,-70.0736347098
1152,2.15324535682,1.41510684983,3.13110603583,-136.065352023,-130.242208884
1153,1.7937382535,1.14451149806,2.65857801164,-117.852925822,-114.732968302
1154,1.73606430357,1.10032533475,2.59193041393,-118.524140433,-115.7899498
1155,0.647385974564,0.310469137723,1.17082784233,-63.2265524338,-62.2483556391
1156,1.33420500288,0.806036418866,2.05957103791,-101.30615222,-100.635040272
1157,2.06227561022,1.34695280218,3.00919248434,-136.057167087,-130.961642522
1158,0.474272446491,0.203627119974,0.918491637118,-53.8564800548,-51.3310934071
1159,1.53482498272,0.951584387978,2.32730229335,-108.803940614,-107.238588162
1160,0.0671977847089,0.00383480775934,0.296109749875,-22.9000990343,-11.7638634039
1161,1.53088316895,0.949008103858,2.32153263263,-109.628915569,-108.081990029
1162,0.199147279348,0.0495286005883,0.516787780235,-34.5611784931,-27.3598454365
1163,1.73091083905,1.09677520544,2.58597666307,-122.864894385,-120.160374932
1164,1.93600828246,1.26555987203,2.82062881906,-136.222430181,-131.888720868
1165,0.290587239091,0.0901690657842,0.675718805537,-35.1039600357,-30.300288989
1166,0.275196963977,0.0853693420879,0.640273897016,-37.2525768794,-31.9108460758
1167,1.15243967636,0.660555640237,1.84909011679,-86.8931446331,-86.7515458214
1168,0.812685762675,0.389233635208,1.47290604074,-57.1587561971,-56.9541385721
1169,0.611290710572,0.262237261652,1.18553724143,-47.7107908821,-46.7132430951
1170,1.92964723127,0.104825474849,12.9141641237,-7.35557221541,-7.19213911711
1171,0,0,10000,-2.95674069485,-2.95674069485
1172,0.947600465905,0.519772222552,1.56697143129,-78.7498117864,-78.7309021925
1173,2.3317971156,1.55362855112,3.36125823915,-146.881746549,-139.46500276
1174,2.01385222504,1.31232971191,2.94818710065,-134.779891977,-130.022087538
1175,1.84188482692,1.19272160775,2.70363531872,-136.41241873,-132.806249684
1176,1.13015038026,0.648743733488,1.80926385274,-85.8696786388,-85.7630355415
1177,1.75303822233,1.11188563746,2.61960404208,-118.910089325,-116.079999045
1178,0.945724805059,0.518676455213,1.56426676126,-78.8346962229,-78.8143677044
1179,1.63173527288,1.02383126346,2.45212898456,-117.714633145,-115.60950443
1180,0.410509488858,0.16302841748,0.833203413905,-49.8360985162,-46.5818601538
1181,0.924052744781,0.507058657919,1.52708155447,-77.1281423459,-77.0870006831
1182,0.870816050531,0.465462614384,1.46756448084,-73.1924497238,-73.074921981
1183,0.817708180364,0.423948698808,1.40403021776,-68.8010858623,-68.5644550618
1184,1.55952496816,0.966225523594,2.36688059234,-111.310082537,-109.638446242
1185,0.707280348603,0.353824114742,1.24374895507,-64.4117936604,-63.7421781234
1186,1.84422251522,1.18025199836,2.73483541517,-122.985717852,-119.540060364
1187,0.266681505931,0.0827573591259,0.620019409459,-39.0160832812,-33.3223947951
1188,1.11888647842,0.641603153789,1.79383281117,-83.369400472,-83.2796257871
1189,2.32043316739,1.5445466703,3.3394271089,-144.652269485,-137.379856836
1190,0,0,10000,-3.03859624974,-3.03859624974
1191,2.42114625229,0.928797458806,5.3382174614,-35.8913292946,-34.2259788057
1192,0.514746511048,0.0853934483768,1.59999447371,-16.6511186435,-16.0991530341
1193,2.45494886225,1.63621864955,3.5383069194,-146.542744633,-138.297117833
1194,1.21795721956,0.711549705345,1.92755745067,-92.962756943,-92.6761839972
1195,2.57123290849,1.72854576452,3.69254589002,-160.967519602,-151.503317221
1196,1.57946453818,0.978767383745,2.39705120038,-109.414514474,-107.651193604
1197,0,0,0.12823634457,-17.9788462432,-3.03859624974
1198,1.33319490141,0.805541399204,2.0575501189,-106.113528304,-105.445372517
1199,0.134539259643,0.0223637249064,0.415803103073,-29.0694282339,-20.2502554301
1200,0.886310400229,0.473822031104,1.49069089329,-69.7461152651,-69.6558791698
1201,0.985876907143,0.541837994359,1.62596441868,-81.9805127087,-81.9791976154
1202,0.861461999219,0.460385832203,1.44967099135,-76.2036749741,-76.0648195674
1203,0.133198768057,0.0221426535436,0.411564596334,-27.8934874289,-18.9372522446
1204,1.01696316615,0.571325382207,1.65353185202,-81.8517458949,-81.8498016612
1205,2.10353740806,1.37025559032,3.08047081936,-138.609037294,-133.312070263
1206,2.23717556352,1.48092063088,3.24580338989,-142.70419105,-136.141177872
1207,1.51541643862,0.926754630944,2.321758008,-107.332948315,-105.929285674
1208,1.88960813422,1.21106417875,2.79694449832,-121.850447786,-118.130421032
1209,2.87087338827,1.96226712006,4.05821225161,-160.568309419,-148.199026888
1210,0.825551528514,0.427683662518,1.41903427422,-67.3300335949,-67.116762717
1211,1.35376202905,0.804102855696,2.1180268958,-91.692565393,-90.9994715435
1212,2.12796078833,1.38594217463,3.11715182522,-131.102345658,-125.659511182
1213,0.674169444019,0.323281896563,1.21944656395,-58.6751603285,-57.8825358042
1214,1.59284838052,0.98809073009,2.41355742447,-110.869594507,-109.037604915
1215,2.5269315863,1.69057897038,3.63211062936,-151.519999416,-142.644966859
1216,2.26309589172,1.48424922176,3.29822481058,-144.732627022,-138.267710287
1217,3.25786323421,1.87260399542,5.31212644511,-81.2081403702,-73.750254796
1218,2.53492950449,1.36962635655,4.31817010633,-70.6502960223,-66.6117093887
1219,0,0,1.87134768909,-4.50792388092,-3.47950109593
1220,0.979627959889,0.537784085336,1.61804144895,-73.1648110388,-73.1620652942
1221,1.8674013628,1.1982274793,2.76183810173,-126.785225435,-123.173004094
1222,2.38346300567,1.61575169778,3.38045634762,-140.859251801,-132.465042016
1223,1.52649634539,0.947137882717,2.31160886362,-104.419405828,-102.886409363
1224,1.19816830756,0.699500069556,1.8946591202,-93.2088799307,-92.9685891324
1225,0.342925557556,0.122788737805,0.73771990709,-43.0006183694,-38.7905549227
1226,1.35800036192,0.818842974669,2.09647457611,-100.825456401,-100.081360641
1227,1.75210884181,1.10927289654,2.62071238928,-124.050063363,-121.243021648
1228,1.4524551701,0.883696463386,2.22943318443,-101.881768706,-100.756361495
1229,0.783815186991,0.406031462329,1.34640046904,-73.1198152341,-72.7680845317
1230,0.470011274157,0.201797914064,0.910305026878,-54.8209404461,-52.2259973584
1231,0.645609348732,0.30972833799,1.16676589475,-57.7240979156,-56.7301093308
1232,1.51962409593,0.945093327188,2.29412053897,-104.109328819,-102.592506164
1233,1.1854378132,0.686311014287,1.88582772181,-90.9997019096,-90.7902177984
1234,0.887333845561,0.474014295414,1.49531351007,-73.3856332205,-73.2980882917
1235,1.49710679374,0.916094038388,2.2923741494,-106.265437993,-104.934982578
1236,1.84200479728,0.320683897413,5.74117590098,-11.8700757907,-11.5458235498
1237,1.8959714188,1.22666875123,2.78657936897,-127.081142552,-123.170575756
1238,1.36968762049,0.82679587329,2.11692320244,-98.1902781485,-97.4005248139
1239,1.3123506033,0.779020750436,2.04923763332,-96.8865627338,-96.3263819267
1240,1.27110193349,0.755642353547,1.98582139716,-97.9716352088,-97.5268960707
1241,1.08060193319,0.606867763398,1.75860777345,-83.6390474787,-83.5986334391
1242,0.729532663209,0.364827822154,1.28404264476,-65.9872696684,-65.4395821362
1243,1.08727548744,0.610710122283,1.76819362359,-80.4474203022,-80.4003696557
1244,0.0699060565499,0.00398917269563,0.308089178254,-20.7765147073,-10.1827856277
1245,0.567592718986,0.259049094703,1.05884473375,-54.3747032844,-52.8225140319
1246,0.353293332773,0.126549946391,0.7609374724,-42.8600957718,-38.9402232825
1247,2.01064641419,1.30038794991,2.95774037765,-126.25900481,-121.678794909
1248,1.49647074563,0.915603218059,2.29158036787,-103.814986982,-102.487722339
1249,1.41259355456,0.852406914295,2.18434350909,-99.4759418567,-98.5338931567
1250,3.72523310445,0.795323298999,10000,-17.2603122151,-15.8149427365
1251,4.13668121034,1.16537055753,16.1311332314,-20.3099814387,-17.9686108071
1252,2.29307314955,1.5064300742,3.33646047322,-135.730603515,-129.036693635
1253,1.3168351771,0.769250423784,2.08437046602,-92.5298788363,-91.9850003988
1254,1.10689477523,0.621449828389,1.80168437169,-84.8839367387,-84.8151625128
1255,1.20907605103,0.602292992022,2.14099094683,-57.5463762125,-57.3805655501
1256,0.233687413076,0.0388307893505,0.72421679122,-18.1314976668,-14.5160172906
1257,0.682386850048,0.292314912884,1.3269308211,-43.9315544965,-43.3570154272
1258,1.09603991308,0.565565084754,1.8977188688,-63.2712264932,-63.2275189713
1259,1.1247101887,0.579726868068,1.94965564607,-61.0903036218,-61.0193645706
1260,1.61164503957,0.999287117263,2.44437864672,-110.914748527,-108.999381332
1261,1.42342903078,0.860195362532,2.19668961335,-94.5385557776,-93.5508712312
1262,0.885068135334,0.472759978824,1.49008165878,-73.0824485488,-72.9903543106
1263,1.15492641292,0.662137534308,1.85249957151,-86.6737672788,-86.5277782817
1264,1.64921475435,1.02289132968,2.50053595186,-108.808822189,-106.715745202
1265,1.32841153219,0.789071097371,2.07626152314,-98.1015607537,-97.4892305349
1266,0.819066731583,0.424122833994,1.40902360759,-68.7897091685,-68.5584545977
1267,0.426778457661,0.169444119432,0.866505643377,-44.9114254387,-41.9822269206
1268,0.573189591,0.261583011024,1.06933421512,-53.5867965867,-52.0934200468
1269,0.90912547151,0.485362150826,1.53171337832,-77.5420053786,-77.4865730783
1270,2.18560475358,1.45242663013,3.14452361994,-135.113195951,-128.790988552
1271,2.30947448649,1.53544348349,3.3245046949,-138.341674015,-131.187996934
1272,1.06448329843,0.597504789321,1.73306693149,-85.3220547026,-85.2957150846
1273,1.25532512912,0.732959797482,1.98823016666,-90.6443577055,-90.2676717796
1274,0.631427603144,0.250391450755,1.28655812956,-36.4204483945,-35.6882231055
1275,1.2710904094,0.743147589042,2.01369456875,-92.8595093654,-92.4384049645
1276,1.22555271877,0.716155246631,1.93894774396,-90.5163797472,-90.211739235
1277,1.99310410207,1.28613659306,2.93836238921,-126.944775185,-122.506852828
1278,1.2383290316,0.722053233094,1.96586963216,-95.4146017806,-95.0823123397
1279,1.14411106495,0.655359677944,1.83789278087,-90.8274858941,-90.7000806246
1280,1.57058326417,0.974242001198,2.38041756087,-105.171864314,-103.442007751
1281,1.26761663136,0.754951033993,1.9754430189,-91.2450726408,-90.8066481779
1282,1.23764871397,0.722919473538,1.9593116483,-94.4971985963,-94.1640560596
1283,1.14328353813,0.658541276518,1.82395178342,-85.145006945,-85.0160371105
1284,0.804906144217,0.417086799805,1.38351403798,-71.9400954629,-71.6643474966
1285,0.28267545275,0.0877027375186,0.657912745361,-37.0085002668,-31.9489852029
1286,0.0678209668364,0.0038706292999,0.298784091222,-22.2996838919,-11.2763142086
1287,1.07867169832,0.607033336114,1.75046556424,-83.2690404454,-83.2301084684
1288,0.97789234073,0.536299266173,1.61744747073,-77.9783954905,-77.9751688037
1289,1.06463294071,0.597335204931,1.73489043084,-81.9940839661,-81.9676836154
1290,1.06053501136,0.595527568263,1.72561101519,-78.966438988,-78.9430697038
1291,1.84838442054,1.18376984355,2.73879588677,-122.735165048,-119.256659837
1292,3.31102495806,1.91255278286,5.61191256883,-92.5874954164,-84.5224344643
1293,2.79329324581,0.779084701423,8.1616733438,-22.5018642361,-21.1991899744
1294,2.08750253574,1.06996986228,3.65818202202,-59.5030583935,-57.2166393759
1295,4.70958867346,2.70487023362,8.00471005807,-93.0100982521,-80.6326665124
1296,2.36002398601,1.24538281663,4.06719759672,-66.6690356123,-63.4024154082
1297,3.16609991573,1.76401005305,5.3893380549,-77.3361159606,-70.7928686491
1298,2.24990477201,1.18665886614,3.87919809042,-65.893189935,-62.9453641172
1299,3.80276058714,2.17971941854,6.50899747375,-89.7129883533,-80.3230021948
1300,2.01198344425,1.03130680111,3.53685505875,-60.8821547258,-58.7988163377
1301,5.27417302544,3.04105279217,9.26236707299,-96.3207458834,-81.8418126496
1302,4.87564347322,2.84010011306,8.35497888049,-93.4242648795,-79.8071194052
1303,5.15379629858,2.91933961541,9.30931849219,-93.2363340993,-79.8422756995
1304,3.96356086656,1.10849760269,12.4182568691,-20.0436000137,-17.8437874596
1305,2.57795327614,1.40307033102,4.4374164369,-71.6369084983,-67.3320702605
1306,1.95615448333,1.25253633187,2.8896427149,-122.803416499,-118.716614262
1307,1.0988416363,0.616554706986,1.79034287359,-80.7299075318,-80.6706880024
1308,0.762814263561,0.381001987401,1.34253176469,-62.2331732522,-61.834337062
1309,1.32854707758,0.778380362062,2.0962683355,-89.9924308865,-89.4070069305
1310,1.05203590932,0.59047457882,1.71309554579,-83.6197614523,-83.602347375
1311,1.38208282545,0.820496628126,2.16338821651,-95.9136795163,-95.1290982805
1312,0.753656123327,0.376786414369,1.32760234627,-58.5976475321,-58.1637094425
1313,1.22984930364,0.70768101292,1.96423583802,-80.7465189044,-80.4469197484
1314,1.0041819275,0.550555404817,1.66174352242,-76.0315090918,-76.0313977659
1315,1.89268579433,1.2133288577,2.80059545063,-127.272823617,-123.532178012
1316,1.74681251592,1.09476871231,2.63065301294,-113.280691931,-110.613851674
1317,1.41658532717,0.854587924987,2.1913027863,-98.210829022,-97.2551959706
1318,1.45112142713,0.875556220899,2.24428490378,-97.3868522928,-96.3016478163
1319,1.91260278789,1.22307388078,2.84035344664,-121.977916293,-118.159868453
1320,4.76743422767,2.52157334217,9.16340545174,-82.6073067495,-72.3250060487
1321,2.9727423109,0.42681187566,21.136463134,-9.93799157698,-9.23449285848
1322,3.02151675927,0.431147907273,10000,-9.9808430798,-9.26401521769
1323,4.5999216886,1.98771929271,14.8523218564,-44.318953146,-38.5852810617
1324,2.54706531801,0.977460042944,5.71336068616,-35.7383504456,-33.8981906261
1325,3.78162891395,1.67206783574,8.69752342855,-45.6699550002,-41.0036181159
1326,0.932010333943,0.497965292661,1.5691263485,-73.4750359316,-73.444916625
1327,1.72449985207,1.07932137694,2.5933049369,-115.169027911,-112.626281169
1328,1.18239955327,0.678762150247,1.8934457421,-82.8448160972,-82.6476983592
1329,0.217111613374,0.0360376706565,0.672644913539,-18.1863715184,-14.0725152062
1330,0.999987500078,0.548390724755,1.65406437133,-75.322991167,-75.3229911657
1331,1.83674132116,1.16373352367,2.74412906006,-119.659230706,-116.39468882
1332,1.75265931352,1.0975017669,2.64247533292,-113.103725285,-110.41627603
1333,1.6956643759,1.06239756517,2.55428532458,-112.994329641,-110.58647869
1334,1.52346848055,0.931577725842,2.33460665287,-103.812244182,-102.375587066
1335,1.61651220844,1.0012471123,2.45441544912,-105.52124668,-103.591246954
1336,0.216387229763,0.0537570675653,0.56186340239,-30.4541409086,-24.2201627546
1337,1.47563076398,0.888927322197,2.28823872978,-100.899315388,-99.7276722687
1338,0.674401720259,0.32334139681,1.22028506444,-58.3999599011,-57.6096280937
1339,0.945087248437,0.504573489854,1.59296071943,-74.7289117218,-74.7096885671
1340,2.65819327254,1.8059370041,3.7772278598,-172.846380911,-162.324755799
1341,1.07574694449,0.60520692025,1.74577464999,-82.171753203,-82.1355582258
1342,1.72431429222,1.08139229099,2.5939793414,-111.497561759,-108.937434236
1343,0.663380628399,0.318120137661,1.19992293101,-61.9241121878,-61.0604066724
1344,1.71980954092,1.07922738119,2.58834389997,-117.014856798,-114.472031599
1345,0.838564347688,0.418860020386,1.47880318464,-62.0657831163,-61.9038356554
1346,7.30746607408,3.45810327507,10000,-71.2890724221,-59.4291756422
1347,5.85096769203,2.38438603598,14.9394123694,-45.3403569093,-39.500216714
1348,5.33277442894,1.81909997796,19.0978004659,-36.6881938998,-32.0688581771
1349,7.50141995187,2.23618036386,10000,-35.4065400496,-29.9441996776
1350,3.23342832896,0.780725896693,22.5296593018,-16.6648925072,-15.3317281781
1351,3.20005492991,0.776690664395,17.5890402701,-16.7321146681,-15.4101425118
1352,3.21808947255,0.779024786702,19.6156844834,-16.6336161054,-15.3055718866
1353,0,0,11.4609410105,-2.93438792776,-2.73695424753
1354,0,0,10.3108194431,-3.44059350129,-3.23719221539
1355,0,0,10.2815621426,-3.46015329405,-3.25657498582
1356,0,0,10.2815621426,-3.46015329405,-3.25657498582
1357,0,0,11.0705181472,-3.06485928998,-2.86559924003
1358,0,0,12.0221539911,-2.78890772481,-2.5937978387
1359,0,0,11.3028902465,-2.98368971657,-2.7855389317
1360,0,0,11.3028902465,-2.98368971657,-2.7855389317